102
Newburgh,56.33,-3.25
Rauceby,53.00,-0.48
Lancing,50.82,-0.33
Acaster Malbis,53.90,-1.10
Westgate,54.73,-2.13
Great Milton,51.72,-1.08
Avonbridge,55.93,-3.75
Matfen,55.03,-1.95
Barton Saint David,51.09,-2.66
Gulladuff,54.83,-6.60
Wickham Market,52.15,1.37
Dalbeattie,54.93,-3.83
Sheepy,52.60,-1.52
Saltaire,53.83,-1.78
Flitcham,52.80,0.57
Great Barton,52.27,0.77
Peldon,51.82,0.90
Taunton,51.02,-3.10
Holmesfield,53.28,-1.52
Husthwaite,54.17,-1.22
Caldecott,52.52,-0.72
Conistone,54.10,-2.03
Audlem,52.98,-2.52
Woolwich,51.47,0.20
Holwick,54.62,-2.15
Saltcoats,55.62,-4.80
Kinmel,53.25,-3.52
Stivichall,52.38,-1.50
Old Town,50.77,0.25
Ryeford,51.74,-2.27
Axmouth,50.72,-3.05
Burpham,50.85,-0.52
Tickton,53.87,-0.38
Copdock,52.03,1.10
Colwyn Bay,53.30,-3.75
Combe Florey,51.07,-3.22
Meinciau,51.77,-4.23
Thompson,52.53,0.83
Colnbrook,51.47,-0.52
Tyes Cross,51.07,-0.02
Langford,51.72,-1.63
Preston Candover,51.17,-1.13
Tannington,52.25,1.28
Burntwood,52.68,-1.90
Ranton,52.82,-2.20
Sunbury-on-thames,51.42,-0.42
Staindrop,54.57,-1.80
Newbiggin-by-the-sea,55.18,-1.53
Weston Subedge,52.05,-1.82
Crondall,51.22,-0.85
Colmonell,55.12,-4.92
Billingshurst,51.02,-0.45
Ringford,54.88,-4.03
Glinton,52.63,-0.28
Sywell,52.28,-0.78
Lilleshall,52.73,-2.40
Smeeth,51.12,0.97
Ashbocking,52.15,1.17
West Pennard,51.14,-2.65
Birsay,59.13,-3.32
Strathpeffer,57.58,-4.55
Colby,54.57,-2.52
Bothwell,55.80,-4.07
Northbourne,51.22,1.33
Brailsford,52.95,-1.62
Belhaven,55.98,-2.53
Thropton,55.30,-1.95
Broughton In Furness,54.28,-3.22
Newton Reigny,54.67,-2.80
Waltham Holy Cross,51.68,0.03
Stewkley,51.92,-0.75
Clowne,53.27,-1.25
Hamble,50.85,-1.32
Ravenscar,54.40,-0.50
Shrewley,52.30,-1.67
Newbigging,55.70,-3.57
Rishangles,52.27,1.17
Meesden,51.97,0.10
Tarrant Monkton,50.87,-2.08
Ballygawley,54.47,-7.03
Compton Verney,52.17,-1.53
Andoversford,51.87,-1.95
Tomintoul,57.23,-3.37
Underbarrow,54.32,-2.82
East Garston,51.48,-1.48
Hammoon,50.93,-2.27
Southport,53.67,-3.00
Appleby,54.58,-2.48
Cholesbury,51.75,-0.65
Saint Erth,50.17,-5.43
Temple Balsall,52.37,-1.68
Great Hallingbury,51.83,0.18
Bossington,51.22,-3.58
Gulval,50.13,-5.52
North Mimms,51.73,-0.23
Yeovil,50.95,-2.63
Trostrey,51.74,-2.91
Bredfield,52.12,1.32
Kingston Seymour,51.40,-2.86
Clynnog,53.02,-4.37
Ringley,53.55,-2.35
Carlton Le Moorland,53.10,-0.65
36,91,56,45,8,41,5,84,97,68,17,25,35,34,18,49,101,76,4,39,92,66,89,50,28,7,48,31,67,3,99,96,87,20,27,85,21,47,88,83,94,26,95,81,64,32,63,2,11,40,16,19,77,6,44,80,55,15,62,54,22,29,37,102,33,74,65,14,23,13,100,61,86,59,72,71,60,78,75
55,73,17,18,10,84,47,87,75,50,8,30,29,48,13,70,102,82,3,89,99,44,51,86,65,34,7,14,69,5,59,94,49,41,9,77,25,80,91,90,71,62,88,20,66,58,98,33,101,23,12,78,61,74,81,40,79,56,24,95,46,16,52,100,45,38,64,27,68,54,92,63,60,83,42,39,19,97,36,15,76
51,33,4,83,32,28,54,40,16,56,87,69,7,94,85,97,75,62,102,50,71,89,61,44,100,20,67,12,84,76,43,90,26,88,23,10,92,47,30,49,42,74,17,41,82,38,66,45,52,6,34,58,93,73,9,36,65,81,60,35,86,68,70,57,31,72,24,53,55,80,21,18,91,96,8,5,37,14
78,15,20,97,73,8,96,61,71,75,23,79,102,59,21,42,17,77,41,65,90,49,57,9,55,37,19,68,31,60,26,54,44,81,101,18,92,66,56,83,91,58,48,38,40,11,51,29,33,100,6,47,72,28,36,94,25,46,32,16,10,69,50,80,82,85,87,7,67,45,93,24,22,39,86,70,34,5
53,86,42,78,70,32,61,6,15,96,49,39,69,71,101,31,25,50,41,80,34,30,88,57,9,28,73,21,47,55,16,45,48,64,40,84,99,46,12,63,36,85,22,62,38,20,27,68,67,95,44,77,8,74,100,56,98,87,26,18,79,93,7,10,19,83,65,52,58,92,94,66,11,13,35,43,51,76,97,59,24,72,89,102
22,30,78,91,11,29,75,26,100,81,84,102,56,52,97,86,57,47,101,31,46,28,9,16,99,37,38,25,39,71,42,59,89,63,82,35,80,62,85,93,70,32,18,98,45,33,88,7,34,58,12,95,87,44,14,72,77,54,20,17,48,43,76,69,49,94,41,21,79,53,23,73,8,40,61,74,83,10,51
20,23,68,11,89,46,92,28,87,45,25,9,29,37,56,72,18,10,58,13,71,44,14,77,78,12,90,49,85,34,36,39,52,95,99,53,96,64,97,26,17,24,86,82,73,100,21,55,54,75,22,38,74,63,50,59,91,33,42,102,101,19,43,79,76,30,57,16
23,28,32,49,100,65,68,88,29,93,82,20,78,21,80,76,31,87,69,102,71,47,17,60,83,12,16,73,42,54,14,95,9,99,89,55,11,36,96,25,56,85,61,94,92,39,75,97,18,38,57,74,101,51,27,52,43,84,63,46,86,33,77,30,37,48,13,45,98,81,50,22,44,19,62
28,68,62,25,99,92,84,52,46,102,81,32,57,15,40,56,23,38,65,80,30,60,63,95,45,51,101,21,31,93,20,29,90,98,39,79,67,16,12,69,91,54,97,77,75,18,89,59,37,43,66,86,61,53,14,47,94,70,71,22,17,96,64,27,19,44,49,26,36,74,58,10,13,11,76,50
28,15,87,81,55,100,74,25,19,22,90,40,61,58,86,99,47,20,102,27,43,54,68,49,63,66,101,85,79,48,93,62,29,64,24,52,91,38,73,83,70,42,12,51,82,59,76,21,65,98,44,53,23,17,46,32,35,26,18,97,13,75,14,71,89,77,31,72,80,96,56,30,94,92,33,69,95,67
71,81,33,57,97,67,51,96,26,93,27,18,28,94,50,40,46,89,15,63,69,52,99,102,49,41,88,68,65,82,44,14,78,92,21,45,79,70,55,12,32,64,54,62,77,31,101,60,47,84,90,36,61,83,16,53,80,66,86,39,58,13,35,17,87,73,74,42,30,75,56,25,24
64,45,80,91,76,75,29,48,21,84,18,25,51,90,42,94,98,44,81,28,41,89,62,35,53,92,46,20,86,96,100,13,102,63,79,99,33,30,22,49,65,93,23,59,58,32,87,40,16,95,38,34,60,54,52,57,78,97,37,68,50,88,26,39,66,82,67,24,71,77,47,15,74,72,55,27,36,70
43,66,45,77,23,37,44,28,22,47,55,26,75,39,36,41,65,50,29,54,42,53,32,78,40,58,46,31,96,87,67,64,18,95,86,70,38,15,16,68,93,30,73,60,48,20,85,102,80,92,62,69,24,59,101,81,79,51,90,33,71,35,100,94,57,97,76,89,14,84
57,93,49,48,50,33,73,79,85,22,18,97,47,17,64,67,38,87,66,23,65,69,101,92,20,78,36,53,77,39,34,32,71,55,31,75,70,44,19,91,52,28,24,58,43,89,82,84,72,62,80,51,15,56,45,16,99,90,30,102,60,40,98,76,88,46,21,26,86,42,54,100,68
96,92,70,81,17,48,100,77,38,68,76,16,90,71,26,95,57,87,60,97,51,89,73,28,44,29,63,59,33,50,86,83,35,42,47,31,102,91,80,52,40,55,21,19,61,18,65,99,56,75,49,67,94,88,23,46,74,58,20,45,37,78,85
73,72,97,74,38,86,67,42,43,39,45,83,59,19,49,36,60,56,30,28,93,29,78,50,17,58,65,84,96,31,80,92,79,87,70,40,68,75,77,90,26,18,24,51,95,21,34,64,52,35,55,88,81,71,99,62,102,32,44,89,76,61,37,27,22,54,82
53,57,87,69,91,60,55,76,31,41,32,56,35,23,97,86,74,51,39,66,62,34,21,24,61,67,37,45,88,84,85,25,46,75,64,49,98,29,79,59,94,81,93,28,89,78,40,101,30,36,50,90,68,33,72,20,48,19,43,92,63,42,26,96,102,65,71,82,80,27,77,100
26,95,74,79,78,49,91,67,96,99,31,19,98,58,41,39,85,46,35,84,48,52,21,37,70,22,61,34,20,25,100,44,32,65,101,51,97,66,55,29,83,68,59,62,71,38,40,53,56,75,73,77,45,42,86,63,30,69,82,87,47,89,93,102
75,45,63,79,71,50,33,92,24,21,83,53,46,36,99,31,93,89,91,70,80,51,54,85,65,47,59,72,61,78,102,58,101,29,52,23,44,95,69,68,55,40,27,73,38,76,97,48,49,77,86,39,88,90,30,43,81,42,20,57,100,22,64,28,60
68,101,42,53,32,54,22,48,72,74,95,85,70,91,82,24,25,81,35,76,100,49,62,31,61,83,97,56,50,78,64,59,45,60,99,26,29,80,39,89,28,65,36,86,52,27,71,41,43,73,38,44,102,57,77,40,21,94,96,93,88,55,51,84,90
87,81,74,28,69,79,78,40,23,57,33,96,41,100,38,91,70,73,94,64,56,35,102,66,80,39,68,31,90,84,95,75,93,26,89,86,99,82,25,49,36,44,51,24,85,54,72,62,71,63,58,65,29,30,46,76,59,88,50,22,48,67,60,83,43,53,37,98
66,36,25,74,89,96,68,50,84,34,42,47,69,24,73,80,44,59,38,67,27,62,85,102,49,37,92,88,46,52,98,64,71,39,31,76,48,78,63,41,87,55,97,58,79,65,101,82,30,26,93,70,54,43,94,83,60,51,77,95,33
66,82,94,24,52,76,61,28,74,68,89,102,84,29,32,26,55,64,65,35,38,88,46,71,80,37,79,59,95,36,73,101,85,87,63,47,39,57,96,81,30,34,49,40,75,48,78,50,67,69,42,51,90,41,83,53,62,56,91,98,54,31
62,92,82,42,28,52,57,54,93,96,43,85,74,32,66,47,99,86,75,80,78,33,65,95,87,88,48,55,34,61,27,38,39,53,63,83,49,100,69,84,98,44,79,90,64,41,72,76,73,71,70,56,58,68,30,29
37,61,58,85,75,80,29,33,27,47,71,99,81,52,31,94,74,43,53,86,57,95,50,56,97,59,62,78,101,42,39,76,70,68,55,66,92,102,77,83,72,46,65,79,87,48,35,93,73,45,82,32,40,88,41,38,69,67,26
81,82,31,56,28,79,38,98,95,89,74,68,45,99,94,34,41,93,96,27,102,33,80,55,37,87,100,78,86,91,30,70,63,97,42,84,76,69,101,57,72,60,39,75,88,67,59,36,51,65,32,62,61
67,50,47,61,94,71,28,44,73,86,62,87,41,78,102,90,72,66,69,93,37,33,75,92,89,100,65,70,80,48,56,77,57,96,88,30,29,49,83,95,45,82,98,31,55,91,63,46,38,51,99,76,39,79,34,35,84,58,81
87,79,100,62,76,75,72,37,30,34,86,101,39,32,56,63,71,88,60,61,77,38,43,85,44,46,84,81,93,57,68,31,58,82,91,45,92,52,55,74,80,99,70,97,36,29,102,94,51,95,35,78,48,90,66,89,83,54,40
85,73,75,78,32,79,34,72,69,98,102,62,67,91,81,96,33,58,74,40,30,53,55,48,37,77,46,35,93,61,41,54,59,39,76,82,68,43,87,57,49,60,45,52,36,99,83,100,63,56,101,44,97,80
93,37,89,68,77,74,50,38,87,84,32,59,72,61,53,95,57,60,90,39,54,71,43,67,99,34,42,76,97,62,79,81,98,35,92,52,44,65,69,88,82,75,86,91,49,55,64,83,47,85,80,41,96,66,94,56,70,100,31,40,46
38,46,61,56,83,39,70,72,75,80,89,82,34,79,32,84,45,74,64,85,73,50,67,66,93,54,86,98,52,99,102,88,51,95,59,97,33,47,35,87,96,65,92,42,36,58,44,81,41,53,69,40,62,55,71,68
59,38,96,56,37,40,85,50,86,99,94,46,61,39,43,92,77,70,41,87,71,74,45,64,36,89,101,83,100,90,78,33,66,79,58,44,102,57,51,68,81,65,69,95,60,91,63,48,52,80,98,49,42,88,67,72,54
38,55,54,47,40,43,39,45,80,68,99,87,83,91,77,42,70,101,88,75,50,35,69,46,49,34,53,44,100,98,79,51,60,90,85,64,48,89,76,58,37,67,73,78,57,95,81,92,63,41,102,56,62,74,94,84,61,52,93
72,76,97,43,39,49,86,91,81,69,74,87,88,35,47,38,46,68,63,98,66,92,64,48,61,54,36,80,67,101,71,89,65,85,96,84,53,75,42,55,94,56,50,77,62,73,45,57,102,93,100,95,37,79
80,71,101,94,41,70,43,54,84,49,51,40,57,86,60,69,63,97,42,83,46,91,89,52,90,102,98,66,82,96,75,73,87,78,100,68,53,58,61,45,44,36,59,88,99,56,37,50,77,74,76,95,65,38,48,39,72,47
44,48,54,86,63,73,71,49,91,102,60,39,93,53,67,100,56,89,47,40,82,65,68,78,45,74,66,80,99,76,84,70,90,85,92,88,58,81,62,83,79,42,50,72,77,41,64,98,75,37,96,46,51
74,97,83,94,50,58,63,56,89,80,49,72,67,65,101,69,78,59,42,61,75,60,45,84,57,81,98,55,54,39,87,90,82,38,95,64,43,100,79,76,44,85,62,88,99,47,102,46,53,77,71
89,86,39,72,92,65,43,45,41,64,52,79,82,78,69,80,74,93,59,71,47,48,100,84,46,50,99,53,87,58,101,49,88,67,56,94,44,73,77,57,70,63,76,81,40
43,96,92,68,50,83,75,82,85,48,60,67,61,78,71,58,77,53,94,74,89,90,91,86,54,42,56,49,59,44,41,99,76,87,95,101,73,52,79,62,47,97,80,46,51,40,84,88,98,69,63,45,102,64,72
99,69,65,81,93,88,54,45,49,73,80,76,43,97,46,55,57,68,51,102,79,48,59,64,56,72,85,52,96,90,74,92,70,100,82,83,78,87,44,60,67,94,53,42,63,47
47,95,73,88,80,78,45,96,55,82,72,98,90,87,83,69,74,92,84,99,65,59,57,58,101,68,81,97,85,61,53,102,67,54,51,56,52,43,75,100,93,77,71,79,76,94,42,49,44
50,87,45,68,60,77,94,47,49,44,66,65,74,63,91,79,64,43,53,75,95,48,82,84,101,81,102,83,54,58,67,86,93,51,52,61,72,98,71,85,90,80,78,57,88,55,92,73,59
59,92,98,91,76,65,48,68,86,89,49,82,74,95,101,77,46,62,88,56,71,80,70,85,58,61,97,45,79,67,73,57,69,102,81,66,94,99,100,64,75,87
45,65,102,82,67,80,84,96,94,70,50,98,86,89,58,68,53,93,57,56,69,61,88,100,64,72,83,62,55,60,49,85,91,46,71,47,90,73,63,87,59,78,54
58,86,56,74,99,100,84,71,63,68,48,50,98,80,81,83,46,64,75,57,76,49,85,101,65,94,66,52,87,70,91,55,62,82,88,67,59,77,97,78,102,61,51,60,89,93,96,69,54,90,79,72,73,92
93,83,94,95,55,64,47,101,97,60,56,48,84,50,65,54,87,99,63,78,53,91,86,81,73,72,66,80,88,67,98,75,96,59,76,92,58,79,57,69,90,51
75,52,66,61,93,67,100,88,51,73,96,81,85,78,64,57,83,49,97,62,86,76,90,74,53,54,59,99,95,79,63,68,69,102,94,87,48,70,65,56,55,72,84,98,82,77,92,60,91
95,70,53,94,75,51,77,91,97,86,99,81,61,83,78,85,66,100,90,73,68,64,58,63,62,55,54,56,88,50,74,82,96,79,92,71,69,87,101,72,89,65,60,76
97,82,69,52,94,59,84,75,60,58,92,70,80,77,86,95,73,57,85,68,102,93,67,61,62,65,72,63,50,76,64,66,89,81,87,99,90,74,98,54
58,95,78,84,85,59,70,86,92,88,94,87,96,60,90,76,93,56,69,53,61,102,51,80,89,79,97,74,54,101,67,75,100,83,82,52,98,91,71,64,55,63
62,73,80,72,86,71,87,98,91,53,52,70,58,83,69,84,65,92,89,61,68,95,54,64,56,59,85,81,96,93,97,66,100,101,75,78,90,88,77,55,79,63,99
63,74,68,93,102,57,91,67,70,88,55,54,86,101,77,87,90,73,89,85,99,81,78,98,97,94,72,80,95,66,56,76,69,60,61,79,82,65,83,100,64,75
79,60,81,84,67,61,87,76,74,58,70,100,89,82,94,72,91,75,57,65,62,88,59,83,55,99,54,73,96,71,101,56,93,68,77,85,86,95,78,80
82,63,68,55,96,80,60,93,69,91,79,88,89,102,66,77,90,57,73,85,58,59,95,76,86,75,92,97,67,72,61,84,100,81,70,62,94,78,101
67,89,61,74,99,63,79,87,57,70,82,100,93,84,97,56,72,86,88,78,66,64,68,96,101,91,83,60,69,77,85,59,65,102,95
86,77,59,90,88,65,70,80,63,62,75,84,72,102,93,92,71,81,61,76,74,79,100,101,83,60,85,66,94,89,95,98,87,57,78,67
77,101,92,80,93,88,96,83,82,70,76,102,94,72,60,89,85,79,86,74,66,59,68,63,90,69,98,67,58,78,64,87,95,91,71,84,97,61,100,99,75
87,69,79,63,64,62,76,102,90,89,82,100,83,92,73,93,68,78,70,75,60,61,86,88,71,77,98,101,84,80,94,72,66,81,95,74,99,96
70,64,94,71,66,102,91,84,95,86,90,100,65,92,76,96,89,72,69,101,63,80,88,73,83,85,99,68,98,79,97,61,75,77
88,67,81,62,93,99,82,64,78,89,95,84,66,100,75,70,80,92,83,86,72,63,77,61,76,69,90,101,98,74,85,73,94,96
69,65,93,85,81,76,73,99,88,100,82,63,67,101,89,79,94,87,96,62,78,90,80,102,91,66,68,92,70,83,75,72
75,68,96,64,63,97,74,79,66,87,82,84,65,71,67,92,100,70,93,91,72,99,69,86,80,78,90,98
90,87,76,98,96,99,77,91,78,93,102,97,100,69,79,81,101,89,82,84,92,65,80,94,70,71,66,74,64,75,88
67,92,97,68,78,87,100,81,91,95,77,80,99,71,88,75,86,66,82,79,102,83,70,76,73,90,89,69
68,102,97,93,100,80,85,94,75,74,72,83,96,84,81,78,79,71,66,82,89,67,77,69,76,99,101,91
69,68,96,73,86,79,89,84,76,92,100,74,90,83,82,95,80,101,70,94,67,91,72,77,93,97,75,98,85
68,79,87,80,93,95,91,71,82,70,102,81,73,89,69,85,74,78,98,94,90,92,77,72,76,75,88,84
102,80,76,96,78,98,73,77,101,93,90,85,75,69,81,99,70,95,97,84,91,82,83,88,92,89,79
85,101,74,84,75,82,99,98,86,94,91,88,96,97,81,80,70,95,79,83,93,92,71,90
83,73,76,101,84,100,91,77,87,90,74,99,94,97,86,89,79,82,96,88,71,80,75,93
81,99,84,78,100,72,79,97,88,75,76,82,101,90,94,87,83,80,102,74,95,93,77,91,96,73,98,86
92,79,74,82,93,86,90,78,94,102,77,88,76,96,87,89,73,80,100,84,98,95,75,97
89,88,96,80,98,87,84,82,97,83,99,101,77,74,86,93,79,85,90,94,100,81,78,91,75,92,95
96,82,85,89,88,84,102,98,86,79,97,78,93,95,92,80,90,77,101,100,76,83,99
98,76,99,100,101,94,81,88,95,102,87,78,93,77,89,80,86,91,92,84,96,83,97,82,79,90
101,89,95,97,99,86,77,83,91,93,90,88,85,98,87,84,80,100,81,94,79
98,79,78,97,95,93,80,87,82,88,96,84,99,81,85,83,86,102,89,94
98,92,99,96,100,82,88,86,93,80,87,84,85,89,90,94,83,101,95,79,81,102
98,82,100,95,91,93,94,99,90,80,89,96,97,83,101,86,84,88,85
85,95,100,82,90,92,83,102,94,101,96,86,98,91,89
102,99,87,98,101,82,96,88,93,97,100,86,94,95,92,84,91
92,101,90,84,88,97,91,102,85,89,87,96,86,93,98
86,102,91,90,98,94,101,85,96,87,88,84,95,100,93,97
98,92,99,86,96,88,97,102,87,85,94,91,95,89,90
97,96,89,91,90,87,93,86,92,94,95,101,99,88,102,98
99,97,92,91,101,98,94,87,88,95,96,89,102,93,100
88,89,97,98,96,102,99,93,92,90,95
97,90,102,93,91,96,100,92,99,94,89
94,102,100,98,95,91,99,97,90,93
91,101,96,102,95,99,97,100,94,92,98
92,101,94,102,96,100,93,98
100,96,93,95,94,98,102
98,100,101,102,96,99,95
95,102,97,100,101,98
101,102,96,100,99,97
102,99,97,98
99,100,98,101,102
99,100,102
100,102
101,102
102

88
Long Preston,54.00,-2.25
Dunkeswell,50.87,-3.22
West Worldham,51.12,-0.93
Anstruther,56.22,-2.70
Kimberley,52.98,-1.27
Castledawson,54.78,-6.57
Long Riston,53.87,-0.28
Broughton Moor,54.68,-3.47
Colwick,52.93,-1.08
Great Linford,52.07,-0.75
Saintfield,54.47,-5.78
Langwathby,54.68,-2.67
East Wretham,52.48,0.82
Alveston,52.20,-1.65
Tolleshunt D'arcy,51.77,0.80
Friockheim,56.63,-2.63
Kirknewton,55.88,-3.42
New Cumnock,55.40,-4.18
Weyhill,51.22,-1.55
Stourport,52.35,-2.27
Eastchurch,51.40,0.87
Playden,50.95,0.73
Slindon,50.85,-0.63
Milford On Sea,50.73,-1.59
Fern Down,50.80,-1.87
Sneinton,52.95,-1.12
Hawridge,51.73,-0.60
Minffordd,52.92,-4.08
Crail,56.27,-2.63
Boyleston,52.92,-1.73
Denbury,50.50,-3.65
West Haddon,52.33,-1.07
Kincraig,57.13,-3.92
Montrose,56.70,-2.45
Udimore,50.93,0.67
Great Hale,52.95,-0.28
Market Weston,52.37,0.92
Ash Vale,51.27,-0.72
East Hardwick,53.65,-1.30
Ballinamallard,54.40,-7.58
Amotherby,54.15,-0.85
Broadstone,50.75,-1.98
Lancing,50.82,-0.33
Standish,53.58,-2.67
Cosby,52.53,-1.18
Dedham,51.95,0.98
Abingdon,51.67,-1.28
Colney Heath,51.73,-0.25
Rampton,53.30,-0.80
Henton,51.21,-2.73
Upper Clapton,51.57,-0.05
Aylesbeare,50.72,-3.37
New Hedges,51.69,-4.71
Bressingham,52.38,1.03
Pont-tyweli,52.05,-4.32
Membury,50.82,-3.02
Ely,51.48,-3.23
Cardigan,52.08,-4.67
Fishbourne,50.83,-0.80
Wear,50.70,-3.48
Brigstock,52.45,-0.60
Cwmduad,51.95,-4.37
West Hanney,51.62,-1.42
Peatling Parva,52.48,-1.13
Steeple,51.68,0.80
Saint Johns Chapel,54.72,-2.17
Llandovery,51.98,-3.78
Child Okeford,50.92,-2.23
Longfield,51.38,0.32
Winston,54.55,-1.78
Samlesbury,53.77,-2.62
Melbury Abbas,50.98,-2.17
Orphir,58.93,-3.13
Paignton,50.43,-3.57
Smethwick,52.50,-2.00
Rufford,53.62,-2.83
Renton,55.97,-4.58
Northcott,50.70,-4.35
Wordwell,52.32,0.68
Pallion,54.92,-1.42
Countisbury,51.23,-3.80
Seven Stoke,52.10,-2.22
Ilminster,50.93,-2.92
Partrishow,51.90,-3.05
Barnstone,52.90,-0.90
Saint Buryan,50.07,-5.62
Tormarton,51.51,-2.33
Lydstep,51.65,-4.77
11,22,88,49,38,12,8,43,31,67,50,46,44,33,24,17,45,15,16,19,57,70,64,80,83,71,47,4,18,7,37,25,21,40,5,84,65,6,2,86,14,78,87,62,20,35,23,42,76,75,48,82,26,77,72,54,53,36,52,59,61,27,68,29,66,41,56,60,39,32,3,73,51,30
69,10,40,64,37,70,87,30,42,76,72,67,29,57,20,5,62,16,39,51,34,31,75,81,26,50,44,85,77,65,74,55,6,46,68,28,80,71,22,24,11,9,49,21,88,33,47,82,18,45,27,13,7,15,36,83,84,12,78,86,48,59,63,23,35,79,58
51,58,32,67,36,16,33,21,50,30,75,19,25,35,49,10,86,6,72,47,85,18,34,39,44,87,80,13,48,62,37,14,79,43,55,74,69,64,8,41,42,70,82,57,45,81,40,66,84,31,15,68,28,77,12,23,52,11,60,26,63,71,78,27,7,54,76,59,24,88,29,53,9,5
85,74,45,64,84,13,22,50,71,88,66,40,9,20,55,47,32,49,28,56,81,38,14,46,68,37,70,82,83,33,58,27,78,44,15,43,26,72,65,54,76,60,12,48,86,75,42,69,7,57,11,24,80,5,59,10,19,34,25,39,29,8,52,23,63,17,77,21
75,77,45,78,27,46,40,35,44,16,42,49,11,50,76,67,59,6,63,24,70,79,22,68,72,41,81,10,73,82,21,47,15,13,51,7,29,85,54,83,31,32,57,88,61,55,14,60,56,12,58,19,64,62,87,84,66,20
26,23,30,72,56,18,48,34,74,38,78,37,11,10,70,62,47,81,7,65,25,24,19,53,79,44,73,39,66,55,15,31,12,64,67,59,85,32,58,17,45,42,84,71,21,54,86,88,77,69,50,33,41,27,13,83,43,40,80,49,61,20,14
81,14,88,43,64,48,74,33,10,73,22,29,60,55,66,26,36,9,56,27,45,84,77,65,71,83,28,87,12,37,15,25,38,80,82,49,85,32,11,34,75,18,24,30,79,31,40,17,44,69,47,16,61,54,63,62,86,20,39,68,50,58,52,67,78,53,59,57,72
46,82,10,12,88,41,51,33,64,23,28,80,24,53,79,11,30,49,31,29,72,87,48,78,59,83,65,54,55,38,34,58,71,22,17,56,19,39,86,37,43,25,75,74,57,66,76,26,9,81,42,47,44,45,77,14,85,68,15,18,32,67
82,87,28,81,31,78,29,19,88,80,26,83,45,56,43,54,51,22,53,18,75,30,33,57,10,84,13,73,68,74,85,63,71,17,34,15,59,67,23,50,79,55,32,60,25,12,76,46,65,47,14,24,69,48,58,62,70,40,72,36
73,25,80,43,56,74,48,31,32,20,40,13,35,79,17,27,37,71,66,38,14,16,69,63,46,34,47,83,28,65,55,76,64,29,67,82,84,23,85,52,30,60,49,50,54,62,19,59,75,51,41,22,72,15,26,57,45,58,53,77,21,33,78,24,44
53,41,13,26,32,52,15,12,23,38,88,87,85,75,76,69,84,73,54,39,56,68,78,18,74,59,48,58,70,67,65,82,16,34,71,35,63,42,47,83,17,44,25,49,40,14,29,31,79,36,46,64,20,43,24,28,27,62,81,60
80,55,71,19,62,81,43,20,73,18,41,21,36,84,49,68,51,61,58,67,69,17,60,54,40,72,14,13,83,50,33,74,79,16,37,52,78,47,46,85,28,65,31,64,45,24,75,44,39,70,77,63,38,56,35,32,48,76
49,65,68,57,40,86,70,32,45,14,84,53,39,35,46,64,21,38,82,66,34,74,18,80,43,73,76,77,20,72,56,69,36,47,27,58,83,50,23,15,33,51,67,60,55,79,42,30,31,44,59,28,37,16,81,24,78,22,48,85,75,17
28,41,29,31,46,40,61,38,83,64,39,19,15,32,67,86,63,47,54,68,74,23,33,35,37,88,82,30,87,53,60,51,79,69,20,58,75,25,45,22,52,34,50,24,80,72,70,71,73,77,48,84
39,18,47,42,46,62,60,17,50,68,82,88,52,21,54,59,26,48,57,29,66,86,87,45,64,27,24,20,32,74,75,69,80,73,22,83,56,41,37,72,51,79,35,19,44,53,43,71,81,33,70,23,65,36,16,63,49,58,61,40,55,78
57,48,34,47,43,27,63,39,54,45,76,21,25,24,79,69,53,71,75,60,26,58,80,51,38,37,66,55,40,78,30,17,86,49,87,33,35,61,62,82,84,28,64,77,59,73,19,72,46,81,23,52,44,68,50,70,22,36,20,74
86,40,52,78,66,81,59,76,39,67,28,41,43,45,19,44,58,65,62,87,47,53,46,21,75,23,24,49,77,68,83,37,29,35,64,34,88,74,51,27,71,33,18,57,38,82,84,25,32,70,26
81,49,47,27,61,65,40,71,86,42,87,22,72,79,34,25,55,75,37,70,68,64,20,66,59,43,35,77,67,52,69,46,58,29,30,57,51,63,50,23,85,21,83,88,84,76,60,54,39,56,80,38,53,41,44,28,73,82
63,85,86,55,74,24,84,33,77,42,40,32,88,72,49,70,80,47,56,62,54,45,51,29,68,59,52,81,76,39,23,66,78,69,79,28,44,75,71,73,36,30,21,64,67,60,26,46,34,37,82,48,31,57,43,22,38,53,20
43,39,27,79,65,88,56,49,28,61,64,23,74,32,76,37,78,81,58,86,35,60,68,71,38,34,30,70,33,52,85,45,57,40,66,59,62,83,21,80,84,75,72,42,55,87,26,29,77,31,54,73,48
29,78,88,66,81,41,35,73,24,33,57,74,37,27,45,54,86,76,55,68,44,25,59,77,28,47,53,87,80,30,23,49,48,72,42,62,69,50,70,82,38,22,36,39,43,75,64,46,56,71,51,61,40,60,34,58
44,73,58,46,60,28,79,37,33,72,59,30,78,65,42,86,26,35,27,51,69,75,82,32,50,64,39,34,53,77,49,57,81,62,45,66,31,48,43,41,88,47,29,76,85,63,67,38,36,70,83,25,55,71,80,74,54
67,86,59,43,35,63,61,69,56,25,26,29,66,27,74,36,30,42,37,75,81,77,68,85,58,73,55,71,41,78,88,53,44,28,32,34,46,24,82,79,38,50,64,54,62,31,76,48,47,87,57,83,51,49,70,33,45
52,77,67,34,78,63,32,65,37,62,55,30,72,80,81,53,50,33,79,56,39,87,68,54,28,36,75,71,46,57,47,49,41,74,27,25,58,61,59,83,45,29,85,60,88,26,38
52,54,58,68,38,83,37,48,80,69,87,84,33,72,64,49,55,43,70,26,41,27,81,34,71,30,63,56,32,40,78,73,51,46,44,67,79,35,39,86,50,77,53,62,59,74,42,75,88,28,36,60
80,53,43,49,51,48,44,71,82,41,81,37,50,38,83,88,57,39,69,84,45,68,31,28,40,76,65,29,60,70,62,58,55,36,66,61,52,79,67,73,33,64,42,87,86,85,59,63,56,74,30,77,75
73,59,61,46,80,31,55,52,86,41,45,82,33,51,54,62,29,36,78,66,40,70,72,69,50,38,53,32,60,88,79,84,83,28,30,49,65,64,58,87,37,43,39,44,35,68,85,56,42,67
84,64,47,49,60,63,32,30,38,83,85,58,79,74,78,55,39,70,56,48,86,50,37,36,59,71,75,52,65,54,67,66,68,41,77,76,73,82,81,35,80,72,31,43,87,44,62,57,34
41,30,51,63,78,32,82,40,34,48,59,70,36,52,83,42,39,64,53,69,54,43,80,61,55,77,44,67,37,75,68,62,79,60,87,72,85,57,74,49,47,88,66,76,73,84,58,33,50,31,56
79,50,81,88,36,31,62,47,77,66,45,52,38,63,32,69,33,80,72,78,34,87,43,49,54,83,68,56,84,86,48,73,51,64,65,53,41,37,35,75,74,58,61,39,70
46,59,78,40,53,34,51,83,84,68,82,41,88,81,64,65,49,47,73,36,54,86,63,69,42,43,58,74,80,76,72,75,79,38,62,33,77,39,50,71,56,44,85,35,57,70,52,61,32,48
36,75,57,72,46,78,76,44,42,64,73,68,84,40,83,53,74,80,56,48,52,71,69,86,62,38,41,87,35,77,58,33,54,65,37,59,34,61,47,81,39,67,66,79,45,70
64,38,53,34,61,76,41,88,75,62,44,59,66,42,79,67,72,86,68,78,36,85,45,39,55,73,77,54,71,84,56,69,70,48,50,57,58,80,52,51,46,74,83,37,49
64,73,53,75,74,62,77,68,44,57,86,38,79,71,43,70,66,63,48,83,65,37,46,35,51,55,49,39,78,58,40,50,84,76,41,54,60,72,36,88,80,82,45
72,63,57,85,77,84,66,56,59,52,48,42,39,55,73,37,81,49,61,60,87,53,38,68,82,76,46,36,86,64,41,43,70,40,62,51,50,83,75,79,58,71
70,65,44,45,76,62,83,48,59,68,86,58,73,50,80,61,55,63,75,52,72,40,37,47,88,74,82,46,42,64,87,60,79,85,53,66,77,41,69,56,43,57,38
42,79,83,39,47,41,67,86,63,38,84,62,59,60,68,85,45,58,43,46,69,75,81,76,48,50,49,40,87,74,82,54,65,64,88,70,78,53,77,80,56
70,65,59,54,57,88,77,60,73,40,76,81,51,78,39,52,46,49,55,72,42,68,66,56,50,48,84,63,75,64,69,61,79,43,67,47,41,86,58,83,87
76,50,68,75,66,72,59,81,69,55,41,87,48,71,49,60,57,70,42,73,45,64,65,44,47,61,85,83,86,77,80,82,62,56,67,78
47,78,45,88,56,83,73,69,82,61,74,65,72,51,58,86,77,55,59,62,71,48,70,68,79,41,57,67,66,76,64,75,50,63,49,60,84,81,43,46
56,63,70,73,84,86,66,80,74,50,53,72,54,64,48,59,62,51,88,83,45,43,75,76,55,42,78,49,79,69,68,46,82,57,47
63,87,85,68,48,55,60,64,53,88,66,47,61,50,73,56,45,54,65,72,78,59,52,82,44,58,79,80,49,77,43,69,81,67
54,57,88,64,46,59,52,66,74,82,60,71,76,63,84,73,80,67,44,69,48,79,86,51,75,49,45,78,58,47,81,70,62,68,87,85
80,57,59,54,64,76,75,65,48,72,86,77,73,83,51,78,61,66,81,82,62,50,87,84,70,45,47,71,58,85,67,55,63,46,74,52
48,59,86,79,55,64,78,53,67,49,66,85,57,76,54,80,74,58,60,71,69,73,47,46,56,77,82,70,88,65,83,63,72,52
67,49,61,66,52,60,65,74,48,86,78,50,81,53,57,87,71,69,88,68,85,82,59,75,77,54,56,76,64,51,73,58,79,72
82,65,80,71,84,79,74,63,54,55,67,81,73,57,66,58,85,49,68,87,52,72,75,50,76,51,53,60,77,62,70,64
60,65,71,73,72,82,75,63,68,87,80,76,84,50,77,86,79,55,66,78,67,83,64,88,59,53,52,51,62,54
51,84,81,59,60,88,67,65,74,82,63,69,62,72,86,77,61,87,80,71,85,53,54,75,50,70,64,68,55,58,83,76,66,57
69,51,72,65,75,61,62,77,63,53,81,83,88,58,80,87,67,56,71,70,52,82,54,66,78,57,73,55,64,84,86,60,85
60,86,78,82,62,56,66,52,64,73,63,57,71,81,83,84,59,61,79,68,88,75,74,87,69,80,54,53,72,76
86,66,73,81,54,76,88,71,75,60,53,57,56,69,84,80,78,64,79,62,74,68,82,59,85,83,72,63
85,74,77,65,78,69,63,79,64,87,55,57,88,71,80,76,67,60,86,82,73,75,66,59,56,84,61,83
86,55,56,78,70,61,72,59,83,73,85,87,67,68,65,57,64,60,77,74,75,76,80,62,84,58,82,71,79,88
82,80,58,79,64,68,83,63,84,57,61,77,86,87,76,66,70,75,88,78,72,62,69,56,74,60
57,75,65,73,62,66,77,88,67,87,83,64,76,78,63,68,69,60,84,59,61,80,85
79,63,85,72,70,69,74,62,65,67,77,64,86,58,80,73,61,88,68,60,71,81,84
83,75,66,71,76,85,67,87,62,64,79,65,59,84,68,63,73,77,74,78,69
69,67,77,61,70,68,87,73,74,72,78,82,64,79,83,88,85,75,62,76
65,75,62,81,82,85,69,74,79,78,71,77,66,61,63,68,87,72,64,73,76,67
82,72,73,80,68,66,69,64,87,76,70,75,83,63,67,65,84,81,71
66,87,65,88,81,85,74,72,77,83,63,76,86,73,70,68,82,79,75
78,75,85,68,84,74,82,81,76,71,83,69,70,79,77,64,65,73,86,87,72,80
87,73,88,82,68,77,83,71,65,67,84,66,75,85,76,74,79,78,86
68,70,77,87,75,88,76,67,82,69,74,66,85,80
69,74,83,85,75,71,82,70,67,68,72,88,87,81,80,79
87,76,78,79,80,69,70,68,71,88,85,72,86,81,84,73,74
71,77,72,78,88,83,81,82,86,73,76,80,87,84,75,70,69,79,85
79,75,74,78,71,80,85,84,72,77,81
78,71,73,74,82,80,85,88,81,77,75,79,87,72
78,80,88,76,86,87,82,72,75,77,81,83,73,85
80,87,78,75,81,74,82,76,73,83,88
87,86,78,83,77,85,74,84,80,76,75,82,81
77,86,80,75,85,76,84,81,79,83,78
87,78,84,88,76,82,77,79
80,84,83,81,86,77,82,87,88,85,79
88,78,85,87,80,82,81,84,86,79
85,82,87,86,84,80,88,83
83,86,88,81,82,84
87,81,86,82,83,88,84
85,84,83,82,86
83,86,85,88,87
84,85,87,88,86
85,87,86,88
87,88,86
88,87
88

92
Walton In Gordano,51.45,-2.83
Acklam,54.03,-0.80
Pen Y Clawdd,51.77,-2.80
Kinlochbervie,58.47,-5.05
Basildon,51.57,0.47
Broseley,52.62,-2.48
Rumblingbridge,56.17,-3.58
Little Missenden,51.67,-0.67
Morden,51.40,-0.20
East Allington,50.32,-3.73
Scarva,54.33,-6.37
Maresfield,50.98,0.08
Holbeach,52.80,0.02
Broadstone,50.75,-1.98
Bishops Tawton,51.05,-4.05
Loudwater,51.60,-0.70
Washfield,50.93,-3.52
Arrochar,56.20,-4.73
Lydiard Tregoze,51.55,-1.85
Ballinamallard,54.40,-7.58
Urchfont,51.30,-1.93
Bransford,52.17,-2.32
Bincombe,50.65,-2.45
Cymer,51.65,-3.65
Llangain,51.82,-4.35
Trefnant,53.22,-3.43
Mintlaw,57.52,-2.00
Inverkeilor,56.63,-2.53
Avington,51.40,-1.47
Lidgate,52.18,0.52
Longdown,50.70,-3.62
Hingham,52.58,0.98
Carperby,54.30,-1.98
Horsham,51.05,-0.33
Ashill,52.60,0.80
Southwater,51.02,-0.35
Blofield,52.62,1.45
Aston,51.72,-1.50
Stanton By Dale,52.92,-1.30
North Kyme,53.05,-0.27
East Harting,50.97,-0.87
Salterforth,53.90,-2.17
Kellas,57.57,-3.38
Stockton,52.27,-1.35
Dudbridge,51.74,-2.24
Yeaveley,52.95,-1.72
All Stretton,52.55,-2.80
Blencow,54.67,-2.85
Kippen,56.12,-4.17
West Butterwick,53.55,-0.75
Oakamoor,53.00,-1.92
Hawkridge,51.06,-3.63
Wainfleet,53.10,0.25
Briton Ferry,51.63,-3.82
New York,53.08,-0.15
Wendy,52.10,-0.07
Harraby,54.88,-2.90
Terrington Saint Clement,52.75,0.30
Carrbridge,57.28,-3.82
Rosset,53.10,-2.93
Gooderstone,52.58,0.60
Newick,50.97,0.02
Elslack,53.93,-2.12
Low Moor,53.75,-1.75
Ilfracombe,51.22,-4.12
Llanbrynmair,52.58,-3.65
Penton Mewsey,51.22,-1.52
Bower,58.53,-3.32
Thruxton,51.20,-1.58
Ockley,51.13,-0.35
West Marton,53.95,-2.17
Higham,52.25,0.58
Ledwell,51.93,-1.38
Ware,51.80,-0.03
Lackford,52.30,0.63
Wilden,52.17,-0.38
Newtownhamilton,54.18,-6.58
Greenhow,54.07,-1.82
Stepaside,51.73,-4.71
Killough,54.25,-5.63
Sacriston,54.82,-1.62
Astley,52.77,-2.70
Pettinain,55.67,-3.67
North Marston,51.88,-0.87
Sprotbrough,53.50,-1.20
Mochdre,52.48,-3.37
New Cross,51.48,-0.03
Brampton Ash,52.47,-0.83
Back,58.27,-6.32
Coagh,54.65,-6.62
Sunninghill,51.38,-0.65
Brinscall,53.68,-2.57
85,19,77,41,44,78,14,30,15,29,56,31,90,61,70,65,47,54,21,51,86,76,43,17,40,81,12,83,5,79,33,6,7,20,46,39,89,67,34,27,45,11,60,13,71,24,18,3,4,63,16,55,26,48,91,52,50,2,64,42,8,57,73,22,53,87
5,14,90,87,32,20,7,62,38,61,10,85,76,37,35,52,25,92,47,24,66,65,59,78,36,17,71,23,77,44,56,34,21,55,43,53,80,46,22,11,16,57,72,19,31,70,39,30,81,54,28,74,58,60,83,3,82,18,64,84,75,88,12,4,26,63,89,33,8,13,69,51,42,45,27,79,73,40
70,37,35,85,22,38,72,12,18,49,50,61,68,48,77,57,59,30,21,32,13,90,8,6,91,29,55,65,64,78,51,86,44,23,63,33,46,47,80,14,16,84,83,82,75,58,4,7,43,69,88,92,9,31,11,19,56,24,40,42,67,25,17,74,41,87,76,45,28
58,26,81,82,72,56,20,8,42,21,75,39,11,65,44,7,60,35,90,76,91,40,27,9,25,59,38,24,85,29,77,13,64,14,46,15,18,62,45,52,53,71,12,41,36,34,68,86,19,10,92,61,31,73,79,49,32,37,5,80,89,17,74,50,63,47,57,67,84,33,22,66,69,54,78,43
14,16,90,67,11,76,65,48,43,27,77,25,13,82,12,71,62,85,60,75,57,33,8,72,17,83,51,84,66,61,22,69,91,89,73,39,15,37,63,45,53,40,26,68,50,81,28,70,44,21,9,88,87,20,64,46,10,30,92,41,31,6,32,49,86,56,36,29,79
51,33,84,25,28,92,63,90,12,82,77,78,69,58,35,20,66,13,39,57,7,67,44,30,68,91,53,52,71,42,89,73,45,65,8,38,86,40,41,32,24,79,88,81,61,27,72,19,50,83,23,9,46,70,76,56,14,11,54,62,31,49,34,29,87,85,75,10
65,10,28,68,62,35,37,25,14,91,46,70,51,40,20,85,15,29,57,80,81,33,45,55,36,17,31,76,83,47,53,50,84,38,39,77,24,18,26,21,72,86,43,48,87,42,59,69,27,19,9,66,41,30,75,73,67,63,82,22,71,88,8,16,49,89
23,15,18,26,64,51,52,10,42,58,57,30,25,68,9,62,78,53,49,33,72,19,48,35,88,87,73,67,90,14,21,84,36,65,66,80,22,54,82,32,13,20,41,61,74,69,85,79,92,86,16,34,12,40,60,38,83,17,63,43,81,29,28,46,55,71,39,50,77,76
36,70,27,40,69,45,13,38,24,90,28,12,46,43,62,41,59,15,42,11,76,84,73,83,51,25,50,61,55,75,39,63,30,77,21,82,31,92,32,79,53,89,66,54,47,29,20,52,33,16,64,37,56,71,49,26,14,86,60,57,65,68,67,81,74,87,18,48
38,16,73,54,55,11,21,39,34,64,87,15,27,76,49,40,79,68,22,86,69,91,36,60,82,32,29,31,89,61,48,19,81,58,92,35,57,90,30,46,41,52,53,83,20,88,17,59,12,72,50,14,44,84,85,71,42,66,26,13,43,80,45,67,74,63,75,70,33
39,62,19,78,20,82,13,89,38,32,60,69,53,45,28,76,91,40,57,71,58,63,24,37,80,26,68,30,41,92,64,84,46,36,59,16,22,33,72,48,31,42,83,49,12,52,51,44,66,17,86,79,65,85,90,29,61,87,47,35,18,74,70,50
66,27,72,78,75,67,51,18,55,33,56,13,21,19,57,53,49,77,25,58,20,50,36,81,43,65,89,31,16,40,63,85,90,83,32,29,68,15,64,88,34,35,71,38,69,37,45,17,86,80,70,73,42,30,14,82,44,59,74,76,84
92,74,50,70,25,15,52,54,20,65,67,29,64,31,19,34,22,61,63,49,39,80,14,68,26,84,85,69,46,60,17,77,53,44,51,59,24,81,56,38,30,86,83,57,55,73,88,35,79,36,21,87,32,43,40,16,28,62,78,90,91,37,41
85,44,32,86,88,31,63,15,41,79,19,37,39,58,25,54,23,49,52,40,29,46,90,75,43,48,74,84,34,35,47,91,56,64,18,24,60,17,57,42,77,83,89,81,66,68,26,78,27,38,92,62,73,51,70,22,87,65,50,67
34,46,90,16,66,33,30,65,69,44,67,91,64,47,22,50,19,39,80,51,29,79,87,53,31,82,27,68,71,78,54,20,83,56,36,88,26,61,40,62,57,48,42,72,43,17,76,89,59,21,37,38,32,28,49,45,25,74,24
59,62,72,71,32,35,19,40,79,88,78,86,33,57,42,92,21,26,74,70,80,51,53,66,85,22,84,27,63,37,46,44,89,76,83,45,48,36,25,65,58,23,18,24,47,55,39,52,43,87,54,61,82,31,50,77,68,69,64,29,67,81,49
68,63,60,54,53,83,27,36,50,32,41,44,85,82,92,28,78,22,52,64,67,69,90,20,37,23,57,31,18,33,61,74,71,48,73,40,47,35,43,84,56,26,38,75,24,65,77,29,79,21,91,88,42,25,89,81,76,39
51,90,25,79,34,65,50,43,31,29,67,47,56,75,71,78,46,52,36,23,26,91,62,57,61,64,88,28,55,85,86,92,87,39,63,82,54,70,44,38,35,21,42,37,41,33,69,30,49,68,53,80,76,32,58,24,77,73,60,59
88,87,25,32,82,50,22,29,34,35,26,68,39,85,37,49,45,56,52,62,42,73,67,55,21,83,72,89,24,70,31,41,63,23,58,36,61,59,27,20,43,92,30,84,74,66,64,48,65,91,46,90
22,65,66,70,72,25,23,41,60,83,39,74,28,36,77,80,40,24,46,53,47,44,56,55,35,68,69,54,50,89,84,52,61,30,85,92,81,57,90,29,48,31,91,51,33,87,34,62,27,63,37,42,75,82,32,71
52,51,26,42,64,41,85,91,29,76,59,38,67,89,72,87,92,58,50,55,68,70,65,90,69,25,44,40,74,37,48,39,35,73,23,54,36,61,84,88,46,75,47,30,62,56,83,53,78,32,57,24,43,77,66,60,34,79,63,71,33,27
57,80,33,88,58,36,76,45,28,52,26,30,92,32,74,64,69,71,91,72,31,44,81,86,43,53,84,25,42,54,49,82,70,59,73,62,61,68,89,83,48,29,24,38,67,40,66,85,37,78,65,47,50,90
64,55,76,78,41,38,72,47,57,43,50,68,88,53,45,33,75,65,83,74,56,71,73,28,26,77,61,91,80,89,27,24,63,90,25,54,29,40,67,86,42,84,58,92,60,32,66,46,48,81,49,82,51,62,36
25,30,57,77,39,31,32,68,65,88,53,26,91,86,48,45,87,66,27,47,59,82,61,35,37,51,71,55,79,72,84,41,69,50,43,38,29,33,67,75,90,60,46,56,36,49,85,70,62,83
78,69,51,64,47,79,73,35,88,41,28,55,38,90,62,91,46,87,86,92,48,56,40,82,29,59,80,57,83,36,27,63,49,72,68,65,32,33,89,77,61,74,39,44,60,84
82,29,44,75,43,90,84,91,50,76,30,63,68,61,80,35,81,69,31,57,86,49,51,27,88,55,45,70,38,74,60,40,64,72,67,46,42,33,41,85,52,47,78,83,39,71,37,65,62,48,89
77,83,76,84,68,42,33,61,53,92,81,67,73,29,87,90,65,59,46,50,66,86,37,36,47,43,79,45,41,63,40,70,91,28,75,54,71,49,35,85,48,74,88,31,39,51,30,38,57
43,51,75,82,56,63,50,84,54,59,31,86,61,62,37,52,64,35,73,47,77,34,83,46,33,60,81,32,40,36,41,90,79,67,74,78,39,38,55,66,29,80,91,69,92,85,42,70,48,30,53,65
35,48,92,57,80,81,84,33,60,36,44,73,59,45,85,61,74,90,87,64,43,69,40,31,41,75,62,51,38,83,46,54,30,86,52,76,55,66,89,68,34,32,70,67,37,58,78,53
57,47,80,60,65,51,73,31,76,91,78,81,71,44,35,50,79,46,52,32,64,34,53,54,39,40,45,86,61,68,88,37,69,55,70,83,59,62,74,33,67,89,77,43,38,82,42,85,41,87
92,38,50,36,83,89,53,78,82,44,47,52,57,33,91,77,37,86,56,46,72,65,55,73,71,35,66,68,81,67,88,40,54,62,42,90,59,63,70,75,43,80,60,39,34,84,85,58,76,64
82,56,37,49,84,68,87,36,67,69,64,35,66,76,60,90,51,43,83,65,34,59,50,73,78,48,74,52,57,62,61,55,33,58,53,89,88,75,41,42,45,40,92,54,79,77,81,85,70,44,38,71
63,92,52,65,67,53,41,36,38,69,60,37,64,74,81,50,40,44,83,51,43,85,49,87,82,48,45,79,70,55,68,76,90,75,39,61,57,47,86,73,34,80,59,84,89,72,91,77,66,58,71
40,67,74,47,85,42,65,69,45,59,37,73,71,61,52,55,87,77,48,83,70,76,79,54,82,80,51,68,58,49,75,39,91,72,89,50,92,62,35,36,57,81,44,46,88,84,90,41
68,90,50,56,64,63,81,53,48,70,71,88,84,47,77,78,59,37,58,43,74,82,65,87,89,72,38,49,62,75,36,61,83,86,51,69,45,57,76,40,67,73,80,46,52
85,63,70,39,66,64,89,92,69,46,68,51,84,53,37,91,71,76,44,72,75,79,73,59,57,56,62,54,55,80,90,38,48,42,41,87,67,78,60,77,49,40,50,83,58,47
89,84,63,78,46,74,92,86,45,82,76,69,90,61,77,54,91,53,83,58,87,80,48,68,50,55,81,38,71,42,73,41,75,88,52,56,64,65,72,67,70,57
87,42,67,53,59,70,57,86,72,62,79,81,68,39,82,91,85,56,89,76,90,83,77,92,78,63,45,54,74,75,84,80,50,66,61,51,40,65,55,73,88,60,44,64
56,42,89,72,63,55,91,46,43,45,49,65,40,76,81,59,44,78,58,51,54,62,60,90,47,68,64,83,77,52,84,87,48,80,92,53,73,70,79
57,67,74,45,89,52,49,62,71,81,41,77,72,65,76,79,58,91,78,53,90,82,42,50,46,87,43,86,44,84,63,64,61,54,48,68,70,85,47,83
59,84,57,70,45,73,51,64,71,83,82,86,74,89,92,80,75,44,63,52,53,46,55,85,65,66,72,88,81,78,42,49,79,87,62,77,69,68,76,54,58,47,90
44,76,92,61,57,83,69,55,80,56,54,47,75,52,73,45,59,63,91,77,70,49,74,85,50,72,46,67,81,58,79,53,51,66,60
62,90,44,67,47,57,45,80,88,59,60,51,83,74,73,69,54,70,89,78,84,50,72,75,79,64,85,56,61,63,66,91,81,55,82,49,65,58,52,76,48,92,86
73,69,91,86,51,85,53,59,81,70,46,55,83,62,52,76,72,58,60,92,47,67,74,50,88,61,64,75,78,66,49,82,84,48,65,57,56,63,68
82,71,55,76,74,92,78,64,91,88,81,49,52,48,56,60,79,57,73,89,54,69,63,53,90,75,50,62,87,77,59,61,72,83,85,47,80,84,67
51,60,82,66,89,63,87,67,70,83,84,80,58,77,91,48,50,74,47,52,90,57,75,69,62,73,71,65,56,79,55,85,88,68,59,49,86,81
71,72,64,62,74,48,77,76,75,82,79,68,83,49,61,90,91,87,88,73,78,84,57,67,89,80,65,60,81,59,54,66,92,53,63,85,50,56,70,52,51
79,73,72,63,55,83,76,78,84,53,69,70,88,90,68,51,80,62,64,71,77,91,61,57,82,92,89,66,50,87,56,59,75,52
90,86,77,61,62,52,55,64,63,53,54,70,50,57,74,73,91,80,88,75,68,89,79,65,58,51,60,92,71,72,56,67,85
82,60,55,58,66,89,70,65,59,84,78,88,74,76,61,75,79,63,64,87,54,81,73,71,51,85,56,52,92,68,67,83,53,91,77,90
73,76,61,77,57,90,81,75,91,84,87,52,59,71,63,65,79,55,67,92,80,60,54,74,66,72,88,62,64,89,82,78
80,86,55,69,76,53,57,59,83,58,81,88,84,60,71,89,90,56,74,78,63,87,64,79,70,61,72,65
79,85,89,55,59,74,92,71,60,69,80,56,67,87,65,91,54,64,72,68,58,73,66,81,83,76,82,84,70,75
74,83,56,84,58,61,55,60,87,80,64,70,65,86,62,73,76,67,82,92,66,68,78,81,85,75,90,79
73,80,75,77,61,92,91,69,82,81,87,62,90,64,56,70,85,83,88,84,67,58,74,89,86,72,59,76,68,79,57,71,60
65,60,83,82,79,84,89,72,73,61,92,81,77,70,69,63,68,62,91,87,76,59,66,64
90,58,73,81,64,78,85,83,62,68,71,80,74,88,75,72,67,65,61,82,89,79,66,91
76,81,89,74,61,64,72,83,86,77,66,59,62,85,67,63,88,91,65,80,78,90,69,87,70,60,82,84,73,79
89,86,63,75,62,76,67,82,66,81,61,71,78,70,60,73,84,64,79,80,74,92,91,72,68,65,69,85
66,81,78,75,84,92,82,90,87,67,86,72,88,80,83,77,76,64,79,71,89,85,91,73,69,74,63,62
79,88,64,89,78,74,68,85,66,83,92,62,70,69,77,81,75,65,84,73,90,71,72,67
87,78,73,82,65,63,80,89,74,72,91,75,86,70,84,77,92,81,67,90,69,68,66
73,84,85,92,66,71,88,91,64,74,79,69,82,80,75,65,70,67,68,83,89,78,77,87
92,80,77,86,88,78,84,75,85,73,76,67,87,66,90,69,79,91,83,72,71
74,67,83,86,89,78,82,77,72,66,88,75,80,71,68,81,87,84,92,79,91,90,85,69
68,80,85,79,76,92,74,69,87,72,75,82,83,67,90,71,70,86,88,84,89,73,81,91
91,70,72,83,74,71,89,69,80,88,77,86,75,73,90,92,84,76
91,69,81,72,76,74,75,87,88,86,78,79,71,70,84,89,83,92,82,73,85,90
71,72,87,70,75,90,79,89,85,73,74,80,83,84,88,76,86,78
74,86,92,76,91,81,78,90,85,84,75,89,82,73,77,88,80,83,79,71,72
85,75,90,80,91,84,92,76,78,89,82,77,86,87,81,88,74,83
81,87,84,80,75,82,92,83,89,85,78,73,88,76,74,91,90
83,84,74,88,92,78,86,75,87,89,81,77,76,80
85,82,87,77,88,83,81,86,89,79,76,80,84,90,91,92,78
82,89,87,92,76,79,84,91,83,90,85,78
91,81,79,85,77,83,86,87,82,78,92,90,89,88,84
86,92,82,91,78,85,89,87,84,81,83,90,79,88
87,84,80,90,81,82,85,83,91,92
92,82,86,87,90,80,84,85,83
84,90,82,91,86,83,81,89,92,85
92,89,90,82,91,83,87,86,85,84
90,84,83,91,89,86,85,87,88,92
86,92,88,90,85,91,84
87,90,92,85,89,86,88
86,90,88,87,91,89,92
89,88,92,90,91
90,89,91,92
90,91,89
91,92
91,92
92

112
Hammer,52.95,-2.83
Lochwinnoch,55.78,-4.63
Holker,54.18,-2.97
Saint Helens,53.45,-2.73
Horton,51.55,-4.20
Halford,52.10,-1.62
Glais,51.68,-3.88
Newark,53.07,-0.82
Fyvie,57.42,-2.38
Benfleet,51.53,0.55
Milverton,51.02,-3.25
Titley,52.23,-2.98
Eastbourne,50.80,0.25
Messingham,53.53,-0.65
Condicote,51.95,-1.77
Woolavington,51.17,-2.93
Manish,57.77,-6.87
Horam,50.92,0.25
Tain,57.80,-4.07
Sandsend,54.50,-0.67
Pontyberem,51.78,-4.17
Farcet,52.53,-0.23
Balking,51.60,-1.53
Welford,52.42,-1.05
Freshford,51.34,-2.30
Eardiston,52.82,-2.93
Sharpness,51.72,-2.48
Cromwell,53.13,-0.80
Warden,54.98,-2.13
Lochgoilhead,56.17,-4.90
Cambois,55.15,-1.52
Inverkeithing,56.03,-3.38
Swinefleet,53.68,-0.83
Wilsford,51.30,-1.85
Kingussie,57.08,-4.05
Little Bentley,51.88,1.08
Shotesham All Saints,52.53,1.32
Mancetter,52.57,-1.52
Woldingham,51.28,-0.03
Chislehurst,51.40,0.07
Holmpton,53.68,0.07
Aysgarth,54.28,-1.98
Cerney,51.67,-1.92
Lydiate,53.52,-2.97
Boldon,54.95,-1.47
Seathwaite,54.35,-3.20
Pettinain,55.67,-3.67
Newton Aycliffe,54.62,-1.57
Drumlithie,56.92,-2.35
Eastington,51.75,-2.33
Greystoke,54.65,-2.87
Bracewell,53.93,-2.22
Leigh-on-sea,51.55,0.67
Woore,52.98,-2.40
Atherington,50.98,-4.02
Calne,51.44,-2.00
Waterbeach,52.27,0.20
Black Notley,51.85,0.55
Finchley,51.60,-0.17
Ballygawley,54.47,-7.03
Easthampstead,51.38,-0.75
Stanton Upon Hine Heath,52.82,-2.65
Bromham,52.15,-0.52
Tempsford,52.15,-0.30
Tomnavoulin,57.30,-3.32
Wibsey,53.77,-1.77
Boughton Malherbe,51.20,0.70
Hilgay,52.55,0.40
Belleek,54.17,-6.48
Bordesley,52.48,-1.85
Kinlochbervie,58.47,-5.05
Saint Gennys,50.73,-4.63
Farleigh Wallop,51.22,-1.10
Neepsend,53.40,-1.48
Hawarden,53.18,-3.03
Cwmcarvan,51.77,-2.75
Peasenhall,52.27,1.45
Gwithian,50.22,-5.38
Peebles,55.63,-3.18
Yelvertoft,52.37,-1.12
Eyre,57.47,-6.40
Kingskettle,56.25,-3.12
Great Langton,54.37,-1.55
Fawsley,52.20,-1.17
Theddingworth,52.45,-1.02
Balcombe,51.05,-0.12
Bellaghy,54.80,-6.52
Portslade,50.83,-0.22
Loughbrickland,54.32,-6.30
Ecton,52.25,-0.78
Haverfordwest,51.80,-4.97
Wilcote,51.83,-1.45
Gateside,56.27,-3.32
Hurlford,55.58,-4.45
Wrecclesham,51.20,-0.82
Landrake,50.42,-4.28
Southgate,51.57,-4.09
Chaldon,50.65,-2.30
Connahs Quay,53.22,-3.07
Bredon,52.03,-2.12
Charlton Abbots,51.90,-1.95
Beanacre,51.40,-2.14
Llanharry,51.51,-3.43
Berwick Saint James,51.13,-1.90
Bainton,53.95,-0.53
Filgrave,52.13,-0.72
Warham,52.93,0.90
Pontywaun,51.63,-3.12
Lower Froyle,51.18,-0.92
Detling,51.28,0.58
Woolston,51.97,-2.07
Bower,58.53,-3.32
34,91,84,5,60,110,53,3,96,52,105,75,46,73,10,13,82,18,48,33,41,37,44,17,68,103,76,35,92,77,64,85,100,101,12,40,16,65,112,72,86,102,67,42,71,49,89,70,83,97,81,22,26,94,93,19,55,15,39,109,99,27,11,54,78,2,14,108,104,80,106,57,107,38,87,24,56,9,6,95,98,79,58,43,29,45,47,30,66
49,83,55,105,92,6,101,98,71,41,28,51,13,54,89,19,40,79,46,52,95,29,18,10,108,39,53,24,31,63,26,57,85,75,34,42,106,62,36,20,84,69,96,22,88,60,61,74,8,16,33,97,107,70,14,78,91,65,109,110,5,12,32,50,30,4,100,56,58,15,81,35,82,3,93,72,104,59,25,86,23,66
60,86,38,106,30,21,98,88,69,52,6,100,9,20,56,35,103,91,49,12,66,94,80,13,102,97,104,22,81,43,5,68,54,55,110,36,112,62,39,34,37,92,108,78,8,17,15,72,63,93,51,75,53,14,44,24,96,4,26,79,65,82,109,70,61,85,95,71,19,67,29,83,46,107,101,41,16,57,31,27,87,90,58,42,74,47,18,25,32
87,30,98,82,79,86,37,39,44,32,21,71,11,23,18,16,40,10,104,60,88,56,108,17,65,52,38,43,76,110,53,74,50,93,102,67,59,42,92,91,41,106,5,72,51,94,112,89,66,109,26,84,48,73,81,34,77,85,70,96,7,46,24,68,64,90,19,28,57,103,27,63,31,111,9,101,12,22,80,95,107,35,97,105,83,75,20,61,100
75,76,97,22,104,51,17,99,38,95,66,45,25,11,60,80,101,56,108,35,52,111,107,57,23,18,72,70,83,68,41,40,89,100,49,62,32,8,34,92,58,9,12,10,103,63,26,15,44,21,78,73,86,85,65,30,109,55,77,82,90,27,61,105,42,33,19,31,71,94,102,20,67,50,81,93,43,98,16,59,74,106,14,47,53
14,82,36,68,12,29,40,17,20,57,58,97,19,107,49,105,18,75,84,51,104,47,7,70,15,88,8,93,60,110,26,27,30,69,59,39,85,83,44,87,23,52,101,78,108,64,65,55,13,41,71,22,45,79,9,25,46,96,91,109,80,73,100,37,34,66,28,62,77,111,10,103,11,95,35,112,76,56,90
94,10,39,99,69,104,16,108,41,44,29,20,84,77,8,101,87,51,83,30,52,112,21,81,74,91,75,25,31,46,110,50,26,107,45,89,28,9,71,43,55,34,80,47,27,49,17,66,33,57,62,109,60,103,12,22,73,35,97,54,105,11,37,64,13,82,79,18,70,63,58,19,15,111,67,86,93,53,98,61,65,102,106,85,48,88
36,17,31,109,69,90,55,61,74,105,27,13,97,112,67,52,83,84,106,72,32,93,66,111,64,62,59,60,16,100,14,18,80,68,103,12,42,26,53,104,19,77,108,99,40,33,24,88,9,44,71,29,30,96,51,63,38,79,58,56,85,102,21,34,70,25,10,82,43,45,57,20,94,48,78,22,95,54,107,35
89,24,45,36,77,19,31,64,69,100,105,40,92,47,88,58,91,98,67,50,73,41,63,34,57,23,32,11,93,18,109,12,15,26,99,68,108,87,20,48,54,72,112,111,94,21,110,70,95,78,81,61,66,59,42,106,82,71,35,22,51,103,102,90,107,38,76,65,25,74,29,52,60,17,56,83,55,79,33
43,97,22,85,81,98,88,33,17,108,100,93,105,54,37,78,87,92,45,23,66,110,94,59,90,27,47,19,31,86,75,42,103,48,102,28,25,107,72,18,52,57,80,64,68,58,83,16,15,76,11,111,69,56,63,41,71,101,32,73,40,77,51,109,44,49,12,53,35,34,99,61,91,26,104,95,112,82,30,13,67
68,42,38,67,22,104,63,24,18,48,102,23,109,112,13,56,29,39,25,36,81,14,97,77,99,91,35,90,50,76,75,53,105,57,34,47,12,55,101,87,83,46,92,71,44,89,58,60,85,41,82,15,31,61,88,79,108,37,43,73,103,95,33,72,26,52,32,96,98,51,17,59,62,40,27,30,49,94
66,83,96,22,67,107,29,51,108,49,18,62,20,52,45,97,92,48,85,38,72,54,24,13,91,94,35,86,19,58,98,15,80,79,64,25,75,82,21,93,50,41,46,88,60,71,73,16,61,99,77,39,104,47,74,23,101,63,76,44,31,100,56,106,89,55,109,70,87,110,81,102,69,65,37,42,105,28,57,103,59,34,78,43,17
25,27,93,57,89,60,78,55,87,50,18,68,66,92,88,48,20,91,40,29,76,86,47,81,45,22,54,41,34,14,31,85,46,109,71,56,64,30,75,28,73,16,38,104,62,53,98,21,72,106,33,61,99,107,67,51,82,63,39,110,103,97,79,70,111,108,90,49,96,15,52,58,74,37,32,94,112,17,44,26
32,104,25,27,44,81,102,15,86,98,43,54,77,56,100,47,39,63,99,101,59,55,62,24,85,36,79,41,23,19,29,73,95,78,34,61,38,97,57,21,91,37,69,60,70,103,45,58,110,83,51,49,82,67,64,22,94,17,33,52,40,84,112,50,20,90,42,76,35,105,48,88,31,28,89
68,17,43,34,25,103,87,100,55,31,38,44,84,30,86,82,46,70,40,60,105,58,67,93,90,39,57,49,80,97,22,48,69,71,79,85,95,53,92,111,36,59,101,66,72,37,89,73,29,76,33,35,56,41,109,74,51,99,107,23,24,64,61,78,106,27,19,63,102,98,77,21,110,65
45,56,20,17,50,111,37,97,76,42,55,53,52,93,79,104,24,64,46,107,25,84,86,32,31,48,99,35,59,102,78,110,80,49,27,101,89,72,68,18,83,58,98,77,105,57,28,19,91,88,94,61,23,26,36,44,106,95,90,112,41,51,47,108,74,21,34,87,69,43,22,103,63,29,33,30,40,82,39,73
63,40,111,107,50,23,48,20,49,42,81,58,34,57,21,92,79,106,80,32,112,52,96,28,39,65,26,64,18,109,61,98,108,93,97,38,70,35,76,86,19,67,99,85,71,91,101,83,82,51,56,44,87,31,59,84,72,62,69,43,54,88,33,103,60,55,25,90,66,77,89,24,110
44,36,111,110,27,43,112,56,100,106,58,47,48,92,85,77,104,101,50,99,65,46,79,45,84,33,51,63,55,28,32,81,105,62,53,25,88,61,96,98,22,72,71,76,69,74,102,19,107,21,103,59,78,66,24,40,42,49,34,38,37,30,39,26,89,29,31,54,70,93,73,60,108,41,68,82
52,36,109,107,58,84,79,40,74,46,25,72,53,97,112,35,49,86,68,96,64,45,28,105,87,80,41,95,91,37,42,38,111,98,103,33,69,85,65,44,76,70,27,71,60,47,39,63,56,20,26,48,104,81,110,75,32,51,30,43,82,54,55,100,108,24,93,23,92,88,57,106,78,83,21,59,73,89
28,68,47,110,23,75,67,71,21,46,82,49,78,89,102,60,51,31,62,33,58,64,40,91,101,87,93,61,80,59,43,29,76,42,86,77,83,24,41,90,104,88,34,73,35,107,32,96,55,81,85,63,95,27,37,52,54,44,111,25,74,39,103,57,56,79,53,109,38,108,26,112,69,98,65,70
106,22,47,79,108,82,33,89,38,35,67,39,48,41,83,29,100,109,46,80,62,99,104,88,111,42,51,53,85,60,68,43,57,92,25,59,76,93,71,34,77,61,58,56,26,86,87,101,69,70,110,54,64,24,72,107,90,32,31,37,78,40,96,63,52,36,75,103
72,107,94,54,57,48,36,91,49,39,59,84,24,77,43,70,53,35,95,56,83,75,90,46,37,110,98,74,87,25,102,66,89,108,106,60,76,33,78,29,80,68,103,40,85,51,63,52,27,93,61,79,65,82,34,45,28,23,71,55,31,109,44,105,99,64,100,50,32,111,97,62,112,69
66,61,97,76,40,46,104,89,43,94,93,98,83,103,64,80,107,91,49,56,60,101,27,73,92,42,111,69,63,67,25,48,85,86,38,28,41,74,95,68,53,51,79,108,81,84,72,96,77,106,55,71,54,32,37,70,47,45,59,33,99,90,24,57,44,65,82,31,29,30,34,50,36,62,39,105,78
78,72,26,64,65,81,49,112,74,89,85,108,45,103,32,75,34,92,71,95,58,102,59,86,35,91,79,98,28,57,84,30,41,54,90,87,31,52,111,33,88,60,101,29,107,73,82,50,36,55,38,25,42,94,37,99,53,40,68,100,61,93,48,83,66,106,62,56,44,47
67,92,43,71,98,72,58,34,82,103,105,55,112,109,26,64,111,76,93,110,108,36,32,89,39,56,60,78,35,86,28,31,87,90,100,59,47,83,57,27,53,101,81,63,37,40,45,73,50,49,99,30,29,70,85,95,74,54,97,38,104,80,52,77,96,69,75,65,46,94,48,88,106,33,91,66
112,106,28,89,91,103,50,72,43,100,101,74,70,40,111,95,92,44,53,102,27,67,34,56,47,54,99,30,83,69,36,110,63,75,66,31,60,45,97,46,39,84,51,49,108,98,88,42,48,68,35,87,76,86,57,61,90,80,29,94,82,32,59,79,73,71,62,65,41,85,52,38,78,64
90,103,85,89,28,54,98,77,95,44,87,88,105,68,48,112,100,51,75,59,45,69,46,61,30,52,41,36,40,110,73,39,76,34,106,101,97,102,29,84,92,67,32,56,49,74,91,96,35,111,71,78,86,79,66,94,81,47,64,43,53,82,63,62,50,65,72,57,38,80
34,54,39,70,31,38,58,69,86,75,33,112,65,101,89,57,82,110,87,107,111,67,47,72,97,71,30,29,105,68,104,40,90,95,63,94,46,84,59,98,43,66,48,77,52,74,80,88,41,37,42,50,81,91,45,76,92,108,64,36,55,96,32
98,43,91,75,34,79,39,45,101,60,71,35,49,54,95,66,47,102,31,74,110,37,72,40,73,38,99,81,63,48,78,41,61,106,36,107,67,94,59,32,87,33,77,62,64,82,83,96,69,105,55,109,103,80,76,42,57,93,53,68,84
109,106,70,65,82,97,49,90,35,51,112,98,34,110,48,39,101,92,86,61,76,67,73,89,68,108,83,79,47,78,75,53,56,84,74,102,42,71,50,59,80,100,105,63,60,43,45,96,33,93,103,36,95,40,32,81,31,94,107,58,44,62,104,88,37,99
110,69,35,89,74,111,58,98,61,50,38,47,106,84,33,56,108,49,80,45,59,71,40,57,34,77,79,102,103,60,65,107,37,63,64,104,78,42,93,82,46,53,70,62,101,51,86,67,91,109,32,75,73,92,48,105,95,112,100,66,81
47,38,92,42,111,67,77,85,108,44,78,91,74,48,81,35,62,94,70,56,60,101,50,39,75,96,90,59,89,36,95,54,63,37,76,34,105,99,104,40,69,103,66,58,73,102,53,100,46,61,57,80,83,112,82,65,88,93,86,52,110,33,64,71,97,79,84
85,84,73,77,63,104,72,111,97,43,83,110,59,34,103,37,51,50,57,42,36,67,101,56,82,89,99,68,78,40,64,107,44,58,76,41,106,80,86,48,91,79,52,65,105,98,54,109,74,108,62,69,70,47,66,93
38,108,65,88,71,60,53,84,73,93,80,105,49,59,62,46,83,98,91,48,81,78,97,90,95,42,100,109,101,99,64,72,79,107,74,55,75,43,37,68,104,52,69,96,106,70,103,51,39,87,92,94,76,35,61,45,110,102,85,54,47,50,82
76,63,84,67,90,49,58,98,37,82,52,95,48,102,79,70,42,80,36,100,74,44,62,68,56,91,55,45,60,64,54,94,99,104,51,88,57,65,40,39,47,75,87,72,69,103,110,38,97,107,112,89,111,53,43,109,41,73
89,107,48,50,80,72,62,94,76,78,101,61,90,79,41,38,98,71,97,81,57,55,39,85,88,86,45,87,54,75,70,108,47,84,65,60,109,91,37,68,104,58,40,52,53,42,66,83,46,77,73,100,105,92,69,102,63,95,111,51
104,58,46,68,75,85,50,107,74,39,81,60,77,47,44,90,51,108,79,63,112,97,98,106,56,109,94,64,103,80,87,101,100,67,59,88,69,86,71,49,102,91,73,70,41,57,92,66,55,78,96,111,110
105,44,73,91,55,86,82,53,90,93,68,74,49,107,67,39,97,110,96,76,54,77,88,48,62,111,99,65,40,87,81,41,70,71,100,102,72,103,80,92,84,51,108,64,69,50,79,66,85,89,101,104,42,83,75,61,59,78,94,45,63,47,57,46
42,84,107,109,55,64,101,89,98,108,74,94,56,43,96,100,104,53,62,105,99,54,95,71,73,76,52,87,47,68,88,103,86,57,82,65,106,92,45,61,112,81,46,75,59,70,51,69,72,79,97,40,58,83,90,93,60,110,44,67,91,77
101,60,112,64,44,71,97,106,110,62,86,78,107,57,75,54,77,88,111,61,69,99,94,91,98,104,105,63,81,47,42,46,72,79,87,82,103,43,108,50,49,48,51,68,55,85,100,58,74,76,84,93,53
59,99,103,74,75,95,64,73,89,43,105,81,46,42,70,96,94,68,112,60,61,78,67,87,47,44,52,45,102,71,91,84,83,86,85,76,66,62,92,63,51,56,98,111,82,110,90,93,79,97,101,55,65,106,48
82,77,65,95,51,89,102,46,55,105,107,47,74,52,106,57,59,63,100,56,85,92,81,71,96,94,97,49,86,45,54,43,70,99,58,90,109,91,103,67,83,112,60,84,48,104,62,76,69,50,53,101,78,68,72,64,73,75
81,48,59,80,112,64,102,110,60,68,85,70,55,95,77,63,50,47,62,51,56,84,49,104,107,97,88,90,93,71,57,92,76,73,78,66,91,111,108,74,65,89,75,86,45,52,94,105,98,99,79,72,106,96,46
81,55,76,48,102,66,50,106,98,54,105,107,53,71,59,70,111,62,79,85,58,45,52,82,77,80,65,100,99,49,110,57,56,109,67,63,88,86,90,97,91,61,92,96,75,84,93,94,103,51,101,95,78,68,108,60,112
55,75,81,54,65,100,83,79,46,87,51,62,91,96,107,80,90,52,84,77,88,95,110,59,97,102,99,68,89,103,66,57,76,109,85,73,60,78,61,101,64,56,74,86,63,72,82,105,49,50,58,104,111,108
109,89,54,80,56,76,53,110,93,92,50,59,88,82,83,94,79,111,96,72,65,106,97,87,108,99,66,103,49,58,74,51,77,105,91,47,86,73,101,67,57,112,107,84,60,63,71,95,75,52,70,69,78,85,90
93,105,87,112,108,68,64,97,55,83,62,72,102,106,73,76,90,70,92,54,49,91,81,66,110,95,58,84,77,98,67,51,86,57,82,94,75,50,104,65,69,101,80,48,78,100,79,89,52
95,60,82,93,81,55,89,92,54,107,102,62,58,49,72,71,59,56,66,111,77,90,64,96,69,68,53,73,79,109,70,57,101,112,94,75,88,108,110,97,84,65,86,100,67,76,85,98,63,83,78
52,103,99,54,73,88,74,61,63,87,84,51,98,95,96,89,79,104,58,69,50,78,105,53,56,60,112,85,71,76,100,101,66,55,90,68,57,97,67,110,77,106,75,80,102,59,93,94,83,109,81,111,64,92
77,84,110,68,103,62,89,55,87,95,52,66,105,96,111,98,94,71,91,86,112,101,75,56,53,51,58,65,61,78,100,70,93,107,85,108,79,99,80,92,69,73,59,83,109,54,97,104,90,72,102,74
98,81,62,105,86,99,66,57,87,109,89,102,71,80,100,76,97,77,78,60,74,94,88,67,101,58,85,79,104,82,54,103,65,55,96,108,90,64,56,83,52,111,70,69,112,92,107,63
64,108,70,104,84,94,111,72,55,80,101,89,58,79,91,85,95,67,68,57,54,78,99,107,74,59,97,90,88,76,86,103,92,105,66,69,82,106,96,81,112,98,109,63,53,83,62,100
92,88,111,105,74,94,83,64,62,106,99,98,68,112,66,61,91,70,60,67,59,93,75,103,101,110,97,76,79,84,85,102,80,58,90,95,69,72,57,78,87,56,89,77,107,73,104,100,63,108,109
66,73,63,75,60,65,101,82,109,87,94,98,74,110,89,70,105,69,83,64,55,77,61,86,92,85,91,72,93,68,71,76,88,102,80,107,81,111,95,57,99,100,104,108,112,79,58
56,79,111,65,88,63,101,72,59,57,96,83,93,80,108,76,85,104,70,61,106,67,87,73,68,95,100,98,77,74,64,78,75,94,90,81,60,82,109,62,110,92,89
69,75,91,78,111,60,80,71,107,97,66,84,57,102,112,96,85,105,61,73,99,59,83,88,90,82,92,93,81,104,63,94,74,103,87,70,100,79,106,109
87,78,96,107,79,70,99,75,86,81,112,65,64,88,85,74,59,106,97,95,83,69,58,109,100,77,94,72,84,61,93,63,80,82,101,76,102,104,111,62,90,66,60,71,110,68,89
84,80,61,111,65,66,100,91,63,95,99,107,89,106,101,110,70,97,60,79,83,86,105,76,74,90,104,109,103,108,87,92,88,59,93,82,81,67,96,73,68
95,103,107,87,101,111,83,110,68,92,69,71,104,77,78,89,76,96,65,99,108,66,84,70,72,80,105,60,93,62,90,63,61,97,82,73,106,79,74,85,91,94,98,100
67,65,68,111,108,94,91,77,81,96,69,112,97,87,63,85,70,103,106,75,88,101,109,84,92,105,100,110,79,98,80,61,99,71,90,76,102,83,64,104,82,73
80,91,64,68,90,81,66,107,74,99,87,77,79,86,108,71,75,72,110,95,97,67,104,92,65,93,63,89,88,69,76,100,62,73,85,84,78,112,98
67,108,70,88,65,94,105,107,87,97,74,98,90,69,82,110,72,85,79,78,95,109,103,86,89,81,80,102,75,91,84,112,66,83,104,77,64,63,71,99,93,100,106,68
112,70,101,88,77,74,99,79,103,83,109,102,93,105,73,84,80,68,72,98,89,91,69,78,92,75,76,96,71,65,85,82,95,94,106,86
110,95,99,75,73,85,92,80,82,72,97,93,81,108,70,71,111,69,102,90,67,77,112,104,68,107,94,83,91,106,84,100,66,74,98,96,65,78,76,79,87,103
79,78,105,83,110,80,66,93,71,72,107,103,112,76,104,101,89,95,90,84,70,92,94,91,99,73,102,88,97,81,82,74,85,111,75,109,87,96,108,69
82,85,83,90,103,104,112,77,99,100,94,84,69,67,68,79,71,78,95,111,107,86,102,105,72,110,92,76,91,106,70,88,96,97,73
93,92,100,69,101,102,96,82,103,109,70,110,105,111,74,80,97,106,95,79,112,89,87,83,84,104,68,94,90,88,78,99,76,73
106,87,81,107,101,70,96,79,77,75,89,99,93,69,109,110,73,82,86,71,76,80,102,112,108,90,85,78,103,88,98,72,105,111,95,100
95,71,87,84,103,83,98,99,89,104,101,79,70,92,107,75,90,80,94,109,78,112,93,108,77,72,86,111,88,74,100,96,106,105
90,91,92,98,87,106,95,88,81,112,101,107,79,78,108,76,105,93,73,71,94,104,82,77,86,85,102,103,83,109,99,84,72,100
111,105,109,94,101,104,90,80,76,99,72,91,78,96,73,88,110,82,81,92,83,108,75,106,85,100,112,103,79,107,93,97,84,86,89
81,111,84,96,108,109,112,76,107,92,93,78,101,87,94,103,91,104,73,85,88,110,102,77,89,83,79,100,80,86,82,99,95,97,106,75,90
100,104,99,105,91,90,103,89,83,85,110,79,80,74,109,75,86,98,97,108,101,111,96,94,88,78,76,92,93,112,82,102,107
87,94,80,89,104,93,108,85,100,84,102,91,97,75,105,88,92,107,77,106,82,78,111,79,83,99
90,112,89,87,103,100,82,109,102,101,80,110,96,98,85,94,79,76,91,86,105,97,104,78,77,92,107,111,99,93
106,79,103,91,101,83,94,97,80,86,77,89,109,99,104,95,87,112,107,81,84,108,82,96,85,90,100,92,78,93
98,84,87,86,83,108,88,82,96,94,80,85,101,78,89,100,112,107,79,103,102,97,93,95,109,110
106,110,86,104,102,92,93,107,108,90,80,91,83,112,98,95,89,109,81,82,105,94,111,97,99,96
98,90,104,102,81,87,89,109,88,80,96,95,101,108,86,84,94,97,93,100,92,85,110,112,111,103
96,92,82,99,107,89,94,106,102,100,90,87,91,93,105,101,84,83,88,85,98,109,104,112,81,95,111,110,108
93,97,98,96,91,87,83,109,84,111,101,82,110,106,112,92,90,100,85,104,105,108
103,91,101,96,106,99,102,90,109,85,83,92,108,100,107,87,93,95,105,111,88,112,97,110,98
109,85,87,112,86,111,108,98,89,105,99,107,91,93,103,94,97,110,84,102,88,92,90
95,98,112,111,103,106,108,99,85,88,105,97,89,102,94,86,87,90,110,100,104,109,96
104,96,99,92,111,103,98,100,108,97,107,93,102,89,87,110,95,90,91,86
93,94,105,92,87,91,107,110,112,101,98,96,99,103,88,104,89,102,109,111,90,97,100,108
101,112,99,107,102,110,106,100,103,92,95,98,90,104,96,89,93,108,91,97
100,94,111,106,89,92,104,108,95,96,90,102,112,103,107,91,109,105,110,97,99
98,105,93,91,107,90,102,104,106,101,94,111,96,95,100,103
104,101,103,109,108,100,97,99,111,91,96,102,94,93,106,110,92,107,98,95
103,104,112,102,95,100,106,111,96,92,109,110,93,108,97,98,101,99,94,105,107
96,110,102,97,95,108,93,112,101,104,111,105,100,103,98,94,107
101,112,106,95,108,102,96,103,109,98,107,110,97,100,105
105,100,110,101,95,98,109,104,96,112,103,108,107,106,102
107,102,104,110,96,100,109,106,101,97,108,103,99,111
101,107,98,109,100,106,108,97,110,112,102
99,107,104,108,105,98,101,102,103,100,110
102,106,105,109,111,104,99,108,103,112,100
102,112,111,110,107,109,106
111,103,110,105,108,107,109,102,112
104,107,108,111,106,102,103,105
105,109,103,112,104,107,108,111,106
112,106,110,104,111,108,107,105
111,106,107,110,109,105,108
106,111,110,109,112
112,108,111,109,110,107
109,110,108
109,110,111
110,111
112,111
112

99
Wadhurst,51.05,0.33
Aspenden,51.93,-0.02
Mountain Ash,51.68,-3.38
Kenley,52.60,-2.63
Porthleven,50.08,-5.32
Warfield,51.43,-0.75
Gislingham,52.30,1.05
Heeley,53.35,-1.47
Pucklechurch,51.49,-2.43
Aultbea,57.83,-5.58
Birtley,55.08,-2.18
Patna,55.35,-4.50
Dufftown,57.43,-3.13
Swallowfield,51.37,-0.95
Shareshill,52.67,-2.08
Bridgerule,50.80,-4.43
Raddington,51.02,-3.39
Lisburn,54.52,-6.07
Aberystwyth,52.42,-4.07
Helpringham,52.93,-0.30
Seething,52.52,1.43
Stedham,50.98,-0.77
East Harptree,51.30,-2.62
Crook,54.70,-1.73
Heath And Reach,51.93,-0.65
Mickleton,52.08,-1.77
Paythorne,53.95,-2.27
Upperlands,54.87,-6.65
Langwathby,54.68,-2.67
Nenthead,54.77,-2.33
Hindley,53.53,-2.58
Mosbrough,53.32,-1.37
Whatstandwell,53.07,-1.50
New Milton,50.73,-1.65
Backworth,55.03,-1.52
Mentmore,51.87,-0.68
West Malling,51.28,0.42
Cardonald,55.85,-4.35
Hellifield,53.98,-2.22
Farndon,53.05,-0.85
Wickhampton,52.58,1.58
Cuminestown,57.53,-2.33
Knockaraven,54.15,-7.50
Torthorwald,55.08,-3.52
Askam,54.18,-3.22
Easton On The Hill,52.63,-0.50
Lamas Little Hautbois,52.75,1.33
Heapey,53.67,-2.62
Chalton,50.93,-0.95
Whiteparish,51.00,-1.65
Maidford,52.15,-1.10
Shirburn,51.65,-0.98
Llangadock,51.95,-3.87
Whitnash,52.25,-1.52
Bagthorpe,52.85,0.67
Mold,53.17,-3.13
Kingswinford,52.48,-2.18
Helhoughton,52.80,0.77
Leigh,53.48,-2.52
Castle Frome,52.10,-2.48
Aird,55.23,-6.50
Crondall,51.22,-0.85
Portessie,57.67,-2.92
Billingshurst,51.02,-0.45
Butleigh,51.10,-2.68
Erdington,52.53,-1.82
Middleton Tyas,54.45,-1.65
Waddingham,53.45,-0.52
Marston Magna,51.00,-2.58
Hatherop,51.73,-1.77
Wicken Bonhunt,51.97,0.18
Sutton Montis,51.02,-2.53
Berrick Salome,51.63,-1.10
Waresley,52.17,-0.17
Ballycarry,54.77,-5.77
Stibbard,52.82,0.95
Kingsclere,51.32,-1.25
Dickleburgh,52.38,1.22
Arras,53.87,-0.60
Lamberhurst,51.08,0.38
Penllyn,51.47,-3.48
Goodrich,51.87,-2.62
Bembridge,50.68,-1.08
Laleham,51.40,-0.48
Radernie,56.27,-2.87
Gautby,53.23,-0.23
Whitley,55.05,-1.45
Kippax,53.77,-1.37
West Lydford,51.08,-2.62
Modbury,50.35,-3.88
Frenchay,51.50,-2.52
Battle,50.92,0.50
Ingoe,55.05,-1.93
Boulmer,55.42,-1.58
Bushley,52.00,-2.18
Frampton,50.75,-2.53
Risca,51.61,-3.10
Clynder,56.02,-4.82
Kirby Misperton,54.20,-0.80
20,83,91,44,53,25,68,56,5,77,88,21,10,24,62,16,74,22,73,18,31,63,38,97,64,71,59,36,6,29,87,37,11,80,33,46,40,4,27,85,8,75,41,42,7,32,94,99,2,81,89,47,28,26,79,43,14,48,23,19,35,17,9,67,78,52,96,72,3,49,57,58
32,41,95,50,36,56,99,63,14,37,70,43,83,73,30,84,58,96,6,86,15,79,80,39,98,64,67,57,47,59,16,18,69,51,34,78,85,28,89,88,87,17,91,48,45,61,81,25,26,49,5,62,20,35,74,13,24,65,52,92,31,3,90,53,21,60,44,68,77,42,46,8,71,10,97,7,38,93,55,12,11,27,72,76,75,9
67,27,85,52,7,87,18,9,71,40,4,90,20,39,6,68,32,42,29,94,41,24,77,56,76,70,65,13,55,15,93,89,66,59,88,73,10,44,97,96,17,86,58,82,37,54,61,50,26,47,35,80,34,78,19,16,21,75,99,49,79,72,63,98,95,92,81,91
31,63,22,67,43,68,5,53,69,28,6,56,70,9,74,48,46,36,11,15,35,98,18,92,40,27,37,51,38,62,59,55,41,42,79,85,82,14,83,24,94,66,76,44,30,26,80,12,58,86,90,81,45,8,77,87,16,54,99,64,19,75,71,93,39,91,13,61,73,33,78,34,17,89,72
37,87,20,19,64,83,29,12,67,55,42,73,13,15,81,80,54,98,32,18,21,71,28,56,78,33,7,25,84,40,50,6,31,9,70,89,58,17,96,51,61,41,63,90,62,82,10,11,27,52,57,24,65,94,8,35,99,16,60,26,23,53,93,39,66,68,88,79,74,38,77,72,85,14,48,69,86,76,59
9,63,32,78,67,35,90,68,8,27,18,79,59,96,17,14,42,75,92,89,72,44,43,62,57,81,10,48,7,37,29,70,93,28,46,24,52,95,49,71,86,13,88,80,99,53,15,26,31,73,76,20,66,64,38,97,61,77,69,12,39,36,91,40,55,50,34,82,33,23,30,19,74,54,65,51,84
37,78,72,87,67,44,79,48,21,54,88,74,58,38,22,57,51,11,8,20,97,84,70,28,32,19,94,68,61,24,89,59,91,55,90,92,39,29,60,56,65,98,73,93,34,64,18,95,31,66,82,86,43,33,16,25,30,99,81,83,50,76,12,85,23,96,75,71,41,62,80,36
51,53,89,40,67,9,75,92,57,47,21,87,37,50,28,29,14,32,10,26,71,20,44,73,35,36,24,70,90,95,12,25,52,79,62,94,27,64,61,49,33,78,74,76,11,18,65,68,72,34,39,46,83,15,31,23,43,93,66,97,63,48,45,69,98,19,84,58,81
37,19,61,76,94,16,80,22,73,82,68,66,15,11,78,53,87,29,83,57,20,81,12,35,49,28,18,46,13,14,60,52,99,44,50,96,41,77,10,36,39,54,24,23,67,64,89,34,30,48,26,70,71,75,97,65,92,72,74,58,38,55,21,32,86,17,69,85,43,59,25,79,91
66,37,13,68,97,64,14,82,95,85,42,76,48,84,89,60,62,59,46,86,17,88,43,38,18,90,61,35,16,63,57,47,83,40,25,69,70,31,50,26,79,78,12,80,39,15,81,65,52,92,41,30,96,29,67,24,99,33,49,71,23,87,53,56,44,27,28,19,91,75,55
93,46,60,72,25,15,32,75,74,59,55,12,61,22,78,79,43,99,53,35,88,48,57,19,67,24,37,96,76,92,41,65,13,44,17,70,83,14,21,27,16,71,84,26,69,36,51,66,18,31,52,29,85,90,38,68,62,77,86,94,95,39,42,33,82,54,23,30
19,35,17,50,70,94,83,28,42,71,36,93,66,56,72,79,45,90,40,49,88,69,96,61,46,52,23,58,31,20,39,41,26,73,78,76,25,48,91,38,87,33,29,82,60,13,65,51,53,89,24,47,75,32,68,22,15,16,67,59,37,43,62,54,84,85,57,98,27,14
36,82,31,64,45,61,92,67,22,99,59,30,85,47,69,29,20,84,49,27,94,14,66,38,17,55,79,57,16,48,23,74,51,71,75,18,40,91,34,73,65,15,87,42,50,98,93,54,83,39,26,24,97,35,90,32,86,52,28,80,95,96,76,37
72,55,89,28,73,43,15,37,85,88,54,82,51,46,21,49,44,16,79,40,42,65,32,66,36,47,39,68,22,19,86,26,31,74,18,23,90,75,69,33,83,24,70,95,53,80,77,56,38,64,41,91,48,67,98,27,76,52,63,61,34,94,25,17,97,84
63,25,20,86,39,47,84,36,98,73,66,99,24,16,80,95,52,81,45,92,67,77,51,17,72,18,31,35,83,60,50,89,71,58,37,61,70,38,43,75,62,88,90,64,48,53,28,96,49,56,69,59,85,44,22,40,94,19,87,74,26,33,27
48,49,56,75,19,39,92,20,46,95,85,28,33,30,36,90,45,88,29,43,97,89,35,18,54,70,66,78,41,99,40,77,71,42,63,98,27,22,50,76,65,24,60,44,94,47,52,80,96,83,61,86,31,58,68,53,38,37,57,93,91,17,26,21
20,65,90,99,41,42,51,58,38,80,18,30,94,68,59,56,85,45,61,19,78,70,62,60,92,22,31,34,23,93,33,28,53,55,26,83,43,37,98,52,49,36,96,74,67,81,39,91,69,25,54,40,50,48,77,86
70,58,90,29,48,27,71,59,51,73,39,20,66,34,62,64,60,52,86,36,84,69,57,21,26,83,96,23,98,22,92,35,56,45,46,30,25,99,44,97,79,32,76,93,91,24,31,42,47,65,41,89,85,53,28,37,95,19,43,80,75,61,38,72,88
70,36,38,72,30,35,84,56,46,48,96,54,63,80,51,24,65,27,67,42,95,99,88,60,39,43,83,76,91,94,21,22,32,55,31,37,85,66,61,58,28,49,90,92,98,86,71,20,44,81,97,40,82,78,45,33,69,25,89,29,47,68
42,63,98,34,36,86,68,76,30,37,44,73,81,46,49,96,60,52,88,28,89,99,71,82,79,54,58,67,85,35,29,87,41,22,78,97,33,91,90,66,70,92,94,43,38,25,48,55,27,26,72,69,62,61,65,80,32,83,77,53,45,95
25,82,53,34,50,55,84,31,48,99,96,49,30,60,79,44,38,37,85,93,81,95,33,65,72,36,42,83,87,62,97,64,69,57,41,77,90,24,71,23,89,67,88,59,94,35,86,91,68,70,74,27,47,66,98,45,22,78,61,75
93,88,70,73,27,75,72,87,42,44,48,62,41,50,61,53,90,63,86,94,69,95,34,51,64,98,82,84,74,97,78,24,29,59,57,40,38,80,49,46,56,76,37,55,66,65,99,79,52,92,68,96,67,77,60,30,36,35,26,91,81,39,25,85,33,23
87,99,92,29,34,38,43,46,52,96,53,66,24,67,60,71,90,57,80,82,86,51,58,47,44,55,85,70,83,73,78,94,95,84,31,40,35,63,93,97,48,33,50,61,25,37,65,75,36,49,69,81,27,72,89,42,79,74,64,30,32
52,43,74,51,92,26,79,33,65,95,34,69,75,32,45,67,38,64,82,42,31,88,68,97,46,29,50,60,44,57,72,85,93,90,56,41,27,47,35,40,78,48,76,91,59,70,39,55,54,99,30,49,71,25,53,63,83,80,86
88,30,39,29,80,66,78,48,32,73,87,50,76,51,27,37,53,47,45,89,83,68,61,96,46,94,70,49,95,75,65,58,33,36,55,28,59,98,72,35,84,74,77,44,99,67,69,63,85,81,86,31,54,82,40
47,43,50,78,44,95,71,83,90,69,51,74,98,77,55,87,68,93,86,35,40,60,56,82,81,32,41,88,28,36,45,49,48,38,42,53,94,37,58,96,27,29,84,80,52,73,39,31,46,75,65,64,57,70,76,67,91,63,33
61,33,55,98,96,63,44,75,84,37,79,36,88,65,74,82,48,29,59,43,71,90,99,66,34,31,83,53,85,81,91,49,56,52,50,64,68,72,97,67,30,69,93,32,86,87,62,58,45,94,76,80,95,92,42,70,60
75,37,59,93,69,30,63,70,62,73,87,76,86,52,77,36,31,89,29,64,47,85,56,54,61,42,51,74,91,55,46,94,68,57,90,35,33,38,41,97,39,92,88,49,96,95,48,98,34,83,81,65,78,72,82,99
68,70,76,48,66,78,32,60,51,50,45,84,34,92,46,37,41,73,72,90,77,91,87,54,85,61,64,57,38,39,89,49,80,59,53,97,63,99,96,44,36,74,40,33,79,58,98,43,31,95,42,67,65
31,98,55,78,72,37,65,46,84,82,32,80,56,73,40,74,94,89,34,39,86,58,63,96,60,33,54,35,88,81,42,77,92,69,59,49,90,76,83,68,57,97,61,44,70,79,67,38,99,64,43,45,53,62,51,91
55,58,85,66,75,61,41,44,71,56,73,70,40,69,95,34,42,92,91,59,96,39,86,74,50,93,84,32,51,48,36,33,64,79,89,52,76,54,82,35,77,97,57,67,94,68,37,65,38,81,62,43,78,72,53,98,60
91,43,67,62,89,93,47,34,46,42,65,80,97,69,68,48,61,75,49,50,38,54,96,39,87,44,74,63,51,66,98,73,88,79,33,41,45,55,90,58,78,37,84,71,81,82,85,52,95,40,72,35,70,56,36,83,92,59
75,91,79,87,58,46,98,71,86,35,69,74,55,42,84,85,66,53,59,77,76,67,56,65,63,93,64,81,38,95,43,72,99,47,37,97,73,89,60,48,62,94,90,78,92,34,45,61,36,52,88,96,68,54
84,54,88,82,53,72,38,69,94,78,99,35,39,80,98,36,67,73,77,50,58,70,71,45,46,41,37,91,76,74,51,55,59,57,83,86,63,62,68,43,64,75,65,90,81,95,52,40,47
36,56,42,89,78,66,46,99,79,71,52,73,69,90,96,77,74,85,44,68,63,91,92,95,83,54,86,70,81,62,80,94,37,47,84,98,55,49,61,41,97,53,88,67,64,75,48
76,46,43,55,50,82,94,53,61,96,40,89,51,97,39,73,58,91,57,37,38,54,52,74,81,98,85,62,41,64,93,65,47,42,99,66,59,49,79,69,92,78,84,48,44,95,77,56,87,86,71,60
61,95,90,92,64,86,58,71,45,73,83,51,99,77,43,97,60,78,56,66,69,84,68,41,55,52,50,57,53,48,49,62,40,93,88,98,39,91,38,87,63,76,94,46,74,44,42,81,70,96,89,65
51,49,68,60,42,80,39,79,50,47,96,67,73,40,91,48,90,81,46,82,72,53,89,44,98,54,87,92,93,99,94,95,84,75,86,59,77,97,78,43,58,57,55,71,61,85,74,66,88,76,63
98,53,88,73,67,79,76,99,63,78,95,71,72,58,69,66,62,57,75,48,90,55,68,94,87,59,83,93,86,84,50,45,82,70,47,74,96,85,60,49,77,44
52,83,78,41,67,51,77,94,55,87,45,50,62,90,74,88,75,99,86,79,48,72,46,95,97,81,91,58,61,82,71,63,57,53,59,70,49,93,47,73,80,60,65,84,76,92,96,66,69,85,98
76,61,53,97,85,62,51,88,43,75,93,50,49,60,64,90,69,68,42,77,82,65,70,47,44,84,57,74,63,67,71,91,92,46,78,56,80,99,58,48,94
55,71,86,91,97,45,44,98,52,85,88,50,99,74,66,84,49,92,53,95,72,79,58,51,94,56,89,57,69,59,43,47,96,81,70,48,54,93,87,60,61,90,67,73,83,76
88,96,57,54,58,81,90,53,72,60,78,65,99,71,64,55,66,77,62,52,47,44,70,95,50,46,83,51,82,92,56,98,87,91,49,67,59,84,76,79,45,69,63,61
52,76,82,55,83,45,90,74,64,79,89,92,63,85,78,58,65,53,96,95,77,49,54,87,69,56,80,59,99,61,73,68,71,47,62,97,88,91,67,46,66,81,94,84,70,50
74,83,81,67,49,69,80,79,85,95,96,99,97,78,91,72,55,64,76,52,89,48,56,90,61,82,60,58,92,94,68,77,88,65,62,86,54,71,63,98,59,93
85,52,64,89,81,95,47,94,80,86,51,87,70,58,93,75,54,72,98,83,71,66,49,60,68,92,99,82,50,62,91,90,56,76,78,74,48,61,53,84,88,65
55,89,88,60,62,51,75,66,70,76,83,58,85,61,63,53,54,52,67,90,72,78,80,64,77,93,99,74,59,65,96,82,68,86,79,97,98,50,87,92,81,69,56,71,84
74,90,81,50,96,66,80,69,65,84,92,75,63,72,93,76,79,88,68,52,99,71,77,73,57,61,60,97,78,94,53,70,89,56,98,62,67,83,95,59,82,51,55
66,87,76,96,54,59,64,58,83,55,94,90,98,51,75,88,60,81,97,74,69,53,80,72,89,84,82,91,77,63,99,56,62,78,50,68,52,92,95,71,85,61,73,70,67
73,76,52,56,60,77,99,81,85,94,89,53,59,92,58,90,87,88,84,93,95,63,67,66,71,72,97,55,62,61,68,64,86,96,82,57,79,51,98,75,74,83
93,73,85,83,70,53,94,65,69,56,75,98,71,68,88,89,60,57,82,97,99,84,86,80,66,76,52,72,87,58,64,77,55,96,78,54,81,59,74,92
92,96,98,87,86,53,71,83,89,68,56,54,79,93,90,69,70,65,59,78,73,97,63,81,94,77,55,85,67,76,74,80,58,88,99,57,62,61,72
81,58,56,96,66,90,88,65,86,59,95,85,67,89,54,98,80,87,93,60,83,70,99,91,77,71,68,78,69,92,94,79,64,63,62,76,57,74,82,97
58,70,98,74,65,77,76,85,87,86,69,72,61,93,64,92,55,80,84,89,73,96,63,91,62,94,97,60,59,68,90,99,83,78,56
73,57,94,75,84,95,71,79,82,88,93,61,67,69,77,97,68,70,60,99,59,76,90,92,89,96,56,87,63,74,91,72,62,64,78,65,58,85,66
78,58,89,86,67,61,88,77,91,85,68,65,96,70,62,84,75,74,64,94,83,95,79,71,76,81,69,63,57,93,90,82,99,59,87,60,72
95,82,94,86,90,58,68,87,72,62,88,81,92,91,69,66,67,65,60,79,77,99,85,96,74,63,61,75,93,80,98,70,78,97,84
86,95,98,82,78,79,63,60,85,87,66,68,59,72,83,81,91,70,96,61,94,74,90,75,73,76,80,71,62,69
66,83,76,73,70,92,90,80,86,72,91,79,71,63,69,68,62,98,88,93,61,96,81,82,94,67,65,60,95,64,87,97,89,99,75,85
90,95,97,98,99,66,77,78,81,80,67,82,86,87,85,64,74,65,75,61,83,68,94,91,79,76,73,84,69,70,89,96,93,72,71,92
95,73,67,62,87,86,65,90,83,64,71,92,91,75,76,81,99,69,84,85,82,78,72,80,94,66
80,91,95,93,74,77,69,89,82,68,63,97,88,96,90,78,75,72,79,71,84,99,83,94,81,87,73,86,65
66,75,97,93,77,78,79,84,90,76,98,96,71,72,92,80,86,67,89,82,85,83,65,95,88,64,87
77,99,98,92,83,72,75,80,73,86,96,85,71,67,84,82,65,69,89,90,66,95,97,70,78,94,76,74,91
90,83,67,82,85,93,73,81,91,80,96,77,86,79,97,87,74,68,76,89,92,72,88,69,70,78
97,70,88,86,84,89,67,69,85,81,71,82,77,93,78,75,74,98,95,80,79,73,99,92,94,72,87,68,96
96,77,97,98,68,84,92,74,80,70,71,83,79,85,95,69,78,86,81,93,76,91,99,94,90,82,73
99,72,93,73,94,80,90,76,69,92,86,96,89,77,87,70,84,83,97,98,91,95,82,85,88,75,81
70,97,79,84,92,98,71,76,82,85,75,77,90,74,81,93,73,94,89,96,87,86,88,91,78,80,83
96,84,77,80,97,76,90,92,89,93,95,94,98,79,85,99,82,71,78,87,91
88,73,98,96,84,95,78,94,93,87,75,81,80,86,72,89,74,83,82,91,97
96,84,89,80,97,90,83,85,98,93,82,75,86,95,92,88,87,73
92,83,93,98,80,99,88,95,91,87,89,78,81,74,94,76,77,79,96,85,97,86,82,84
92,81,97,77,75,95,83,80,94,79,86,90,98,96,93,91,78,85,88
89,96,95,83,87,76,84,92,93,90,81,80,86,88,78,97,77,82,99,85
97,92,82,85,80,83,86,88,78,87,77,94,99,84,93,79,91,95,90,96
96,85,80,99,98,81,97,94,82,92,79,87,84,91,90
95,97,99,89,92,83,87,79,80,91,96,88,98,93,81,94,90,85,86,84
97,93,99,90,80,83,92,81,88,94,95,82,96,89,84,98,87,86
82,90,99,97,85,94,83,81,87,88,89,95,93,84,96,98,92
95,96,98,97,99,92,93,82,94,87,89,91,86
94,90,99,87,96,85,98,89,86,84,92,93,95,88,91,97
93,86,98,97,96,91,94,87,85,99,89,84,88,92
89,98,94,88,87,86,92,93,85,99,90
90,92,93,97,88,86,89,96,95,91,98
95,94,93,96,97,89,90,98,87,88,99
97,90,98,88,94,99,93,95,96,89
96,97,92,99,95,90,91,94,93
96,97,91,98,92,94,95,99
92,97,91,93,98
98,93,96,99,92,97
98,99,93,97,94,96
97,95,99,96,94,98
99,95,96,98
98,99,96,97
98,99,97
98,99
99

