83
Nettleham,53.27,-0.48
Stoke Poges,51.52,-0.58
Merryfield,50.83,-4.33
Arncliffe,54.13,-2.10
Slaidburn,53.97,-2.45
Cardington,52.55,-2.73
North Acton,51.52,-0.25
Madley,52.03,-2.85
Donaghey,54.58,-6.73
Rayleigh,51.58,0.62
South Milford,53.77,-1.25
Wilnecote,52.60,-1.67
Otley,52.15,1.23
South Hykeham,53.17,-0.60
Wandsworth,51.45,-0.20
Matlock,53.13,-1.53
Toome,54.75,-6.45
Hartshorn,52.77,-1.52
East Heslerton,54.17,-0.58
Deptford,51.15,-1.98
Linlithgow,55.97,-3.62
Staverton,52.23,-1.20
Wilsford,51.30,-1.85
Chelwood,51.35,-2.53
Motcombe,51.03,-2.21
Ilam,53.05,-1.80
Holsworthy,50.81,-4.36
Ecclesfield,53.43,-1.47
Hay,52.07,-3.12
Salford Priors,52.15,-1.88
Coleraine,55.13,-6.67
Gaddesby,52.70,-0.97
Bungay,52.45,1.45
Blickling,52.80,1.18
Strachur,56.17,-5.07
Markinch,56.20,-3.13
Saltfleet,53.42,0.18
Trusley,52.90,-1.62
Mursley,51.93,-0.82
Ewell,51.15,1.27
Parkside,52.40,-1.50
Castle Ashby,52.22,-0.73
Cherry Tree,53.73,-2.52
East Kennet,51.40,-1.83
Sproxton,52.80,-0.72
Banham,52.45,1.03
Stainborough,53.52,-1.50
Durweston,50.87,-2.20
Pedmore,52.45,-2.13
Kilbirnie,55.75,-4.70
Broadwindsor,50.82,-2.80
Stoke Holy Cross,52.55,1.30
Usk,51.70,-2.90
Holburn,55.60,-1.92
Wrentham,52.38,1.68
Carrick,56.10,-4.90
Clifton,54.62,-2.72
South Stoke,52.83,-0.58
Rockbeare,50.75,-3.38
Stoneykirk,54.82,-4.98
Goffs Oak,51.70,-0.08
Bootle,53.47,-3.02
Roos,53.75,-0.05
Moss,53.62,-1.10
Juniper Green,55.90,-3.28
Llangynin,51.85,-4.54
Yeoford,50.77,-3.72
Darnall,53.38,-1.42
Hook Norton,51.98,-1.48
Eden,54.72,-5.78
Scarrington,52.95,-0.90
Mitford,55.15,-1.72
Saint Ives,50.21,-5.49
Newtonhill,57.03,-2.15
Sirhowy,51.78,-3.25
Preston Gubbals,52.77,-2.75
Wentnor,52.52,-2.92
Crockham Hill,51.22,0.07
Saint Athan,51.40,-3.41
Draycott,51.25,-2.75
Callington,50.50,-4.30
Sleightholme,54.48,-2.07
Bredhurst,51.32,0.58
72,41,80,12,29,4,35,10,11,65,45,83,37,19,56,31,6,68,20,15,13,64,58,9,57,79,17,52,24,39,50,34,14,55,49,77,51,36,53,44,66,7,42,82,26,22,54,60,71,74,3,28,25,18,38,76,69,43,32,23,40,81,75,27,47,48,2,30,16,70,61,8,73,78,59,33,21,5,62,46,67,63
62,59,61,27,54,51,55,65,46,7,11,36,38,77,80,70,78,31,29,19,50,35,64,22,12,33,4,14,72,82,56,74,60,57,48,26,75,28,52,68,53,23,44,17,18,34,25,66,8,24,63,30,40,73,9,21,20,6,69,32,67,81,16,47,13,43,49,15,45,76,3,42,39,5,71,58,10,37,41,79,83
65,66,38,11,25,40,12,33,82,10,61,4,5,16,14,39,24,78,68,55,18,46,34,17,31,23,71,53,52,76,79,27,8,45,7,26,41,28,19,69,42,60,80,57,36,62,15,35,54,63,67,58,44,81,30,21,77,29,51,72,6,83,74,37,56,50,13,43,32,47,20,9,49,75,70,73,48,22,64,59
66,20,33,23,22,79,12,71,32,38,81,40,69,73,7,31,34,45,21,83,11,62,68,41,70,59,19,52,64,10,58,5,74,28,55,36,50,30,80,39,15,29,53,16,65,27,51,82,26,78,25,44,9,67,57,61,76,49,47,54,77,18,13,42,63,46,14,24,17,35,37,43,6,56,8,75,72,48,60
53,44,56,50,33,16,79,66,39,65,42,31,60,54,29,61,36,75,20,14,68,22,9,25,49,70,43,18,10,67,24,63,76,47,74,71,30,82,27,26,51,81,80,6,46,45,7,19,34,73,12,57,13,21,55,58,48,62,23,64,52,28,40,41,72,37,17,35,83,77,59,32,15,78,69,11,38,8
73,67,30,43,23,66,17,64,45,55,68,9,16,34,65,54,24,41,50,42,63,35,83,14,36,10,13,32,19,46,15,57,40,8,11,69,51,52,70,48,29,62,72,33,80,58,31,61,74,76,53,44,20,39,18,75,38,37,60,82,26,47,79,77,81,49,59,7,27,28,22,12,78,21,56,71,25
27,28,60,39,34,50,62,53,35,21,40,46,58,75,81,38,17,37,14,23,20,16,74,77,33,66,10,72,49,24,13,69,78,9,36,68,59,70,64,57,54,12,76,51,15,48,79,19,56,67,11,52,26,31,42,41,18,71,43,29,73,44,63,8,82,30,65,47,61,22,25,83,80,32,55,45
9,81,72,19,47,57,69,49,51,76,36,41,35,33,66,40,22,11,75,78,44,52,77,59,48,62,29,67,38,83,70,24,60,39,21,54,31,12,63,37,64,30,23,42,50,15,10,17,18,27,74,61,34,56,68,79,53,13,46,73,43,55,65,32,14,28,58,45,20,82,80,26,71,16,25
10,26,55,71,15,67,41,31,64,60,58,47,59,40,63,54,53,76,43,80,44,74,32,70,68,34,56,11,77,75,38,72,21,78,69,79,45,27,65,52,16,24,73,81,33,83,37,35,17,18,12,39,36,66,20,42,57,46,82,50,30,19,62,49,22,29,25,13,61,23,14,48,28,51
19,73,67,47,60,78,43,70,27,22,72,39,51,79,33,76,52,25,77,62,68,63,56,32,18,49,37,14,24,12,21,17,42,50,28,64,13,29,36,80,75,45,16,69,81,71,61,46,23,66,20,30,83,58,44,15,53,34,65,40,82,38,59,54,48,55,31,35,74,11,26,57,41
40,25,46,43,66,13,55,52,24,65,15,41,70,47,50,48,82,49,35,63,78,69,37,77,22,62,30,71,14,83,61,68,36,73,20,38,64,56,54,29,21,72,18,81,44,28,51,33,76,60,45,79,75,67,19,80,53,31,74,27,16,39,23,17,34,57,59,58,26,12,42,32
66,17,74,14,55,79,15,41,48,33,45,67,73,20,35,43,78,29,65,83,63,81,24,36,18,22,49,38,68,28,39,34,42,60,52,19,82,16,21,46,69,61,13,44,77,62,54,57,51,59,58,40,27,25,71,37,64,50,75,56,31,72,76,26,47,30,23,53,32,80,70
69,59,83,62,32,46,56,26,39,17,76,53,63,22,51,49,19,74,45,77,80,57,34,37,73,31,81,14,18,35,20,44,67,50,66,24,30,55,65,33,64,48,60,27,72,61,40,52,15,68,25,16,23,42,79,58,36,54,75,21,82,38,41,71,78,29,28,47,70,43
83,38,82,35,37,60,47,69,27,16,72,43,48,50,45,58,42,52,73,59,26,18,30,63,66,54,57,53,67,68,23,28,41,29,55,70,20,36,49,19,44,62,15,77,40,81,25,79,34,80,24,74,39,17,31,61,76,78,32,75,56,33,71,65,22,21,46,51,64
64,18,81,34,74,42,68,43,58,37,36,28,27,69,57,48,77,26,25,49,21,71,47,53,39,51,60,76,82,66,63,55,17,52,31,35,83,56,70,24,59,72,33,22,62,50,40,75,46,54,19,29,41,30,20,65,32,78,67,73,79,23,80,44,38,16,45,61
17,41,38,31,25,43,20,58,26,23,44,52,63,78,57,81,61,40,37,29,71,21,56,50,24,82,54,59,28,83,18,73,51,75,65,62,39,60,22,48,70,46,80,34,33,76,74,36,55,69,64,19,53,79,35,67,45,49,47,42,27,72,66,32,30,68,77
63,72,59,23,40,76,79,64,51,32,48,41,82,66,81,70,77,33,25,80,46,67,55,30,37,78,39,62,22,56,71,69,28,61,21,36,83,24,45,44,34,42,75,74,54,57,47,58,52,26,43,73,20,31,38,18,65,29,27,50,53,49,68,60,35,19
65,38,44,59,49,53,61,74,39,70,62,35,26,56,46,30,29,42,67,58,83,66,48,76,34,54,40,68,50,52,37,24,41,31,33,19,21,64,20,82,25,28,22,27,80,57,78,23,69,55,79,75,60,32,72,43,51,73,47,63,71,36,77,81,45
83,51,48,20,77,31,42,27,80,30,68,39,25,56,53,24,22,38,55,74,66,23,36,45,76,81,44,43,57,79,64,50,40,37,73,60,49,46,69,82,70,32,54,47,59,71,62,33,29,28,52,65,34,26,67,78,72,61,41,21,35,63,58,75
29,31,47,56,22,52,39,42,32,28,50,71,74,43,68,69,83,80,44,23,21,40,82,61,58,24,79,33,30,48,46,77,66,41,25,35,75,37,76,73,51,59,62,26,81,54,67,70,38,65,34,53,45,49,57,27,60,64,55,72,78,63,36
69,60,44,41,39,75,23,49,27,73,78,47,76,22,66,34,68,48,50,54,37,79,80,32,30,31,70,67,56,72,64,36,77,43,42,24,53,45,51,81,61,28,26,62,65,38,82,52,40,25,46,57,71,29,83,63,58,55,35,33,59,74
74,45,32,82,71,23,58,44,81,25,65,70,46,29,80,66,56,43,75,67,59,54,49,28,24,30,68,76,50,53,62,41,26,38,63,79,27,55,40,72,33,47,36,77,57,83,42,61,51,37,60,52,69,78,35,64,34,39,31,73,48
37,48,50,70,46,36,38,43,80,53,55,27,40,44,66,49,58,59,33,56,72,73,75,41,67,25,34,52,62,28,51,31,83,69,77,45,39,26,76,74,65,79,29,32,78,81,24,63,60,42,82,71,61,64,35,47,68,30,54,57
73,76,25,38,58,70,80,47,51,44,29,72,81,75,31,42,37,33,41,48,63,60,74,79,77,69,68,32,50,34,82,40,55,66,83,49,57,52,36,61,39,67,35,71,59,28,54,30,64,26,45,78,65,46,62,53,56,27,43
30,59,53,41,48,54,74,47,45,39,82,62,55,81,69,50,78,38,65,40,61,70,35,52,32,27,71,34,67,31,75,44,73,28,58,76,33,42,79,43,83,57,68,77,46,60,49,26,64,29,63,51,37,56,36,72,80,66
69,34,27,37,49,79,77,35,80,33,39,29,82,81,71,62,51,48,65,78,30,57,28,42,50,40,43,58,63,64,45,55,61,38,74,52,46,36,31,70,83,66,32,72,56,44,67,76,60,73,59,41,47,68,75,54,53
60,81,43,53,64,67,75,80,62,37,38,70,77,79,63,44,35,66,59,34,41,50,56,32,51,29,49,48,71,45,68,42,28,54,40,31,57,65,55,76,33,58,74,82,47,46,78,30,69,72,61,36,83,52,73,39
41,68,77,55,50,70,64,40,63,49,57,34,39,42,51,44,48,36,29,33,46,59,54,58,60,67,37,31,76,56,79,83,80,45,47,35,71,66,52,43,82,53,65,32,38,62,30,81,73,61,74,72,78,75,69
80,33,64,44,54,35,62,79,58,32,76,53,43,75,46,51,42,59,78,77,37,74,45,69,65,63,30,83,81,72,66,49,47,71,40,50,73,41,68,52,56,55,82,67,34,70,38,36,57,61,48,60,39,31
77,53,76,73,49,48,64,71,72,74,62,42,59,79,82,80,67,34,35,45,44,81,43,46,65,58,69,78,66,50,39,41,56,40,63,60,57,37,31,52,38,70,75,51,61,36,55,32,33,47,54,68,83
43,63,80,45,59,56,41,79,32,69,46,75,36,51,57,48,74,50,54,42,70,53,52,72,55,64,71,44,47,67,76,73,33,65,77,78,62,61,40,39,81,37,66,58,38,49,68,34,35,83,60,82
51,36,46,75,74,61,42,50,34,73,38,52,59,77,47,70,67,66,56,64,33,76,41,63,44,62,82,54,69,81,58,71,48,57,55,53,45,83,39,72,43,35,68,40,80,37,78,60,49,79,65
65,51,62,41,45,44,60,54,75,38,82,71,64,56,80,47,58,43,59,42,81,76,69,66,52,79,72,63,74,39,77,34,35,37,57,83,61,67,78,53,36,70,49,73,40,68,46,48,50,55
57,52,55,62,42,68,76,80,61,74,51,37,81,59,78,67,79,73,36,35,66,60,71,63,70,64,82,44,39,65,38,48,83,77,56,50,58,45,69,46,49,47,72,75,53,41,54,43,40
74,71,81,72,60,55,80,49,56,76,75,47,43,61,66,58,54,42,45,83,52,77,37,57,53,36,67,44,79,62,73,51,39,50,46,59,38,70,41,40,65,82,64,78,68,63,48,69
55,48,72,43,78,44,50,57,83,82,62,38,74,60,39,66,64,54,65,67,71,53,51,68,59,63,61,58,79,76,77,81,52,40,41,46,70,47,49,69,56,37,45,73,75,42,80
64,45,50,78,38,41,49,69,80,52,66,48,71,74,67,53,62,56,46,81,70,55,60,47,43,65,58,68,42,57,54,40,51,79,73,83,39,77,61,59,63,72,76,44,75,82
44,64,58,75,56,60,82,77,61,42,83,43,53,46,67,66,41,50,40,59,73,79,51,68,39,69,74,45,80,70,81,65,71,57,55,72,47,62,48,76,54,52,49,63,78
58,45,48,68,52,72,69,57,66,71,61,76,79,67,73,74,55,49,53,83,54,80,40,47,41,78,82,77,51,59,60,75,46,44,62,65,42,43,56,63,81,64,50,70
82,59,48,44,55,54,47,65,67,66,70,63,73,45,42,52,61,71,43,77,69,68,75,57,46,50,64,81,76,58,49,62,53,74,41,72,79,56,78,83,60,80,51
44,62,55,58,67,46,49,63,56,66,60,82,48,51,68,57,59,61,53,83,54,71,79,70,75,65,47,76,74,73,72,42,50,77,52,64,78,69,45,81,43,80
44,80,78,60,62,51,72,55,71,68,50,66,83,65,81,75,77,56,46,67,63,73,61,54,59,49,58,45,47,57,70,43,52,82,74,69,76,53,64,79,48
70,83,62,78,51,81,61,47,57,72,50,71,67,75,73,56,44,52,63,49,53,45,54,66,58,48,59,68,65,55,79,46,76,82,80,74,64,69,77,60
48,59,56,72,53,55,66,45,58,78,82,57,61,63,49,46,51,64,62,52,74,65,79,71,80,69,60,68,81,50,76,77,75,47,70,54,73,67,83
65,77,46,57,59,51,82,83,64,66,79,75,58,78,68,62,56,76,48,81,47,53,74,73,54,70,80,69,72,60,61,55,49,63,71,67,52,50
56,65,62,58,69,61,66,79,70,72,83,52,51,60,63,68,82,77,81,76,48,55,73,54,75,53,50,80,74,59,57,49,78,47,64,67,71
73,68,50,53,58,65,83,72,55,79,61,59,62,60,81,74,51,54,52,48,75,63,77,78,67,57,64,56,71,49,82,69,66,80,70,76
59,55,51,50,70,54,66,73,69,62,58,76,65,81,63,74,78,56,67,72,53,60,77,52,68,83,82,80,79,71,64,57,75,61,49
80,78,63,54,73,64,58,66,57,52,75,60,72,53,55,61,50,67,68,81,70,69,71,83,51,56,82,74,76,62,77,59,65,79
63,66,57,60,78,83,81,52,74,73,54,65,61,76,71,70,68,77,72,56,62,75,53,64,79,80,82,69,55,67,59,51,58
53,71,62,52,78,80,61,76,59,69,54,58,57,64,73,63,67,70,56,75,79,74,65,77,60,83,81,72,68,55,66,82
72,54,81,66,63,77,79,60,62,70,75,61,73,65,74,64,55,57,71,67,59,80,58,53,69,83,56,78,68,76,82
73,63,67,79,59,65,77,83,68,78,57,72,69,54,82,81,66,70,61,71,55,76,75,64,58,62,74,80,56,60
76,77,71,62,80,61,56,81,73,64,70,60,72,69,68,63,66,59,74,83,67,55,75,57,78,79,82,58,65
65,82,57,83,80,79,63,78,64,74,59,70,75,61,72,56,67,68,77,69,62,71,66,73,58,60,81,76
66,78,68,64,57,83,74,72,71,75,73,82,58,76,61,77,63,79,59,80,81,65,60,70,67,69,62
69,78,67,75,58,63,76,74,73,70,68,61,82,77,62,59,66,60,65,83,79,64,71,81,80,72
83,82,63,69,67,70,74,73,81,60,65,78,71,62,75,72,68,64,59,66,79,80,77,61,76
68,76,65,77,75,83,60,71,81,78,67,69,79,62,73,70,74,63,64,66,82,80,72,61
70,68,61,75,65,67,73,81,62,63,74,79,82,80,64,77,76,78,71,83,66,69,72
79,69,68,66,77,81,67,78,83,63,75,65,82,74,73,72,71,62,64,76,80,70
72,67,79,73,71,70,77,68,83,80,78,76,74,75,65,63,64,66,69,82,81
66,81,76,78,73,83,69,80,77,68,65,70,72,71,75,64,79,74,82,67
74,70,65,76,69,66,78,82,71,75,67,73,72,83,80,68,81,79,77
78,69,81,70,67,79,82,75,77,68,76,66,73,71,80,83,74,72
68,71,82,81,76,79,75,73,80,70,67,72,83,74,69,77,78
69,71,83,80,74,76,82,68,70,77,79,81,75,72,78,73
76,71,83,80,73,77,72,78,79,82,69,81,74,70,75
72,70,74,82,77,79,83,76,81,75,71,78,80,73
77,78,73,76,81,72,83,71,82,75,74,80,79
82,74,75,77,80,79,76,81,72,83,73,78
80,83,77,75,78,81,76,73,74,82,79
80,74,79,75,77,83,81,78,82,76
78,80,81,79,83,76,77,82,75
80,78,79,81,83,76,77,82
80,83,79,78,81,77,82
78,80,81,82,83,79
79,83,81,82,80
83,81,80,82
82,83,81
82,83
83

83
Great Glen,52.57,-1.03
Northend,51.62,-0.95
Helhoughton,52.80,0.77
Little Smeaton,54.42,-1.47
Longparish,51.18,-1.40
Hadstock,52.07,0.27
Martlesham,52.08,1.30
Blanefield,55.98,-4.32
Corley,52.45,-1.55
Ab Lench,52.15,-1.97
Rusland,54.28,-3.00
Winnersh,51.42,-0.87
Ercall Magna,52.75,-2.60
Betchworth,51.23,-0.25
Varteg,51.75,-3.07
Burton In Lonsdale,54.13,-2.53
West Wemyss,56.13,-3.08
Bunbury,53.12,-2.65
Boarhills,56.32,-2.70
Virkie,59.88,-1.30
Portesham,50.67,-2.57
Edgworth,53.63,-2.38
Mytchett,51.28,-0.72
Carlton Scroop,52.98,-0.60
Bratton Fleming,51.12,-3.95
Newton Reigny,54.67,-2.80
Woodmancote,50.90,-0.25
Woburn Sands,52.00,-0.63
Newmains,55.77,-3.88
Kirkinner,54.82,-4.45
Abingdon,51.67,-1.28
Lanteglos,50.33,-4.62
Bexleyheath,51.45,0.15
Risca,51.61,-3.10
Killycolpy,54.58,-6.58
Lanark,55.65,-3.78
Quainton,51.87,-0.92
Flynnon Taf,51.54,-3.27
Upper Dean,52.28,-0.47
Partington,53.42,-2.42
Hartwood,55.80,-3.83
Tondu,51.55,-3.60
Sutton Saint James,52.73,0.07
Edlington,53.23,-0.15
Sneinton,52.95,-1.12
Bere Regis,50.75,-2.22
Wookey,51.21,-2.69
Ballsmill,54.07,-6.50
Birthorpe,52.87,-0.35
Llanfairpwllgwyngyll,53.22,-4.20
Much Dewchurch,51.98,-2.75
Digby,53.08,-0.37
Lowick,55.63,-1.97
Clackmannan,56.10,-3.75
Bitterne,50.90,-1.35
Aylestone,52.60,-1.15
Weekley,52.42,-0.70
Ellingham,50.87,-1.78
Foveran,57.30,-2.03
Colmonell,55.12,-4.92
Pinxton,53.08,-1.32
Cameron,56.30,-2.83
Stockbury,51.32,0.65
Sugnall,52.88,-2.28
North Curry,51.02,-2.97
Nantgarw,51.56,-3.27
Radwinter,52.00,0.33
Goring,50.80,-0.42
Elham,51.15,1.12
Cheselbourne,50.78,-2.33
East Stour,51.01,-2.29
Wavehorne,51.05,0.83
Funtington,50.87,-0.88
Macmerry,55.93,-2.90
Bishops Cannings,51.37,-1.95
New Buckenham,52.47,1.08
Ince Blundell,53.52,-3.02
Littleworth,51.67,-1.55
Worleston,53.10,-2.52
Cressing,51.85,0.60
Pemberton,53.52,-2.67
Ditcheat,51.12,-2.54
Totton,50.92,-1.48
4,40,27,44,28,37,32,26,68,24,17,76,51,12,77,11,62,50,43,42,36,6,80,52,61,66,67,34,74,46,48,78,58,7,79,71,15,23,72,22,10,53,18,41,60,59,3,33,54,69,29,2,55,47,39,83,45,9,73,63,13,31,38,49,64,21,14,16,82,30,65,19,20,70,25,56,81,57,35,75,8,5
46,32,57,69,29,42,23,72,30,12,76,79,5,47,56,59,80,20,62,50,19,44,24,41,8,54,61,27,4,68,3,7,11,58,73,51,78,35,14,63,28,48,40,43,81,67,75,82,9,60,66,45,26,52,37,65,83,38,36,21,15,39,16,13,74,70,49,34,64,17,6,53,55,10,33,22,71,77,18,25,31
66,26,19,40,6,29,77,8,79,47,5,80,43,12,42,48,51,46,31,67,34,32,73,52,41,63,28,59,70,27,21,81,69,9,61,45,76,83,38,78,13,58,25,20,11,16,56,30,7,18,75,14,62,82,72,4,64,23,17,50,10,44,22,53,39,60,24,35,54,65,68,49,36,74,15,37,55,71,57,33
55,65,78,75,46,27,41,67,23,49,82,50,7,10,44,31,18,20,6,28,45,11,19,14,52,9,64,73,38,69,70,12,60,29,39,76,34,72,54,30,17,13,16,21,43,48,32,53,8,33,5,40,81,22,42,26,37,25,68,58,51,77,24,79,35,71,66,59,62,83,47,74,80,63,36,61,56,57,15
71,60,15,62,63,51,73,41,11,52,24,58,6,32,7,12,70,40,26,49,31,38,9,45,27,72,78,50,8,30,53,23,17,44,55,82,69,61,19,34,22,20,16,47,64,42,80,35,79,21,81,54,77,75,48,43,46,29,13,57,39,10,76,65,74,83,33,36,25,59,68,67,14,66,56,37,28,18
50,28,66,8,73,78,30,7,15,56,46,21,71,40,34,81,13,29,43,39,18,51,25,65,48,27,36,67,11,32,14,12,63,57,37,82,80,26,23,83,72,70,44,17,77,75,9,74,19,68,60,55,33,69,59,49,20,38,35,79,22,45,58,62,47,64,42,54,24,31,16,52,61,10,76,41,53
67,36,50,10,72,12,64,23,76,16,18,19,29,70,53,65,49,74,46,75,26,48,13,77,39,34,38,59,60,30,20,21,43,24,37,62,42,52,82,69,54,14,66,51,80,15,45,22,28,31,41,9,58,63,40,79,81,71,68,61,35,83,8,73,44,17,55,25,27,33,47,32,11,78,57,56
59,80,37,22,15,26,36,39,61,54,33,17,71,82,75,34,27,76,62,64,58,35,21,52,28,44,46,53,30,20,32,16,81,42,45,18,66,67,78,72,60,56,65,70,9,49,73,55,83,79,10,74,57,11,50,63,12,69,19,24,31,29,68,43,40,47,77,51,25,48,23,38,13,41,14
80,71,36,50,76,64,16,48,23,51,55,11,66,10,58,25,52,12,74,15,31,56,45,79,34,17,47,54,68,78,22,63,27,21,28,59,81,14,57,67,77,39,40,37,72,83,26,35,61,62,20,60,24,70,53,75,43,29,38,69,49,30,41,32,19,18,44,46,42,82,33,13,73,65
75,20,49,24,79,41,18,67,28,63,82,37,74,11,45,36,29,31,62,43,80,13,70,42,56,33,50,81,44,69,34,16,15,47,22,77,26,60,55,64,48,14,83,59,40,76,30,54,17,19,57,78,68,51,72,21,73,25,23,35,12,27,71,39,38,61,32,65,53,46,52,66,58
37,83,82,58,68,63,45,40,52,74,53,41,33,60,25,39,16,31,13,18,29,43,44,46,66,50,21,22,51,27,38,80,62,48,78,35,77,71,81,59,14,73,49,15,23,30,42,20,76,32,17,55,28,36,65,54,72,57,12,64,26,75,47,34,61,69,70,19,24,79,56,67
38,36,59,70,29,17,66,24,60,62,39,52,63,74,34,72,32,80,58,16,26,57,67,55,18,54,76,68,61,42,81,45,31,64,44,21,77,46,71,65,28,14,15,50,19,43,75,27,51,33,83,53,13,22,69,49,23,79,41,82,48,35,47,30,37,78,56,20,25,73,40
25,62,72,52,16,34,30,59,31,39,35,45,66,53,61,26,67,23,81,75,58,56,14,27,51,54,60,57,77,38,82,36,18,63,20,15,70,69,37,33,24,83,17,73,43,48,22,74,21,28,29,41,40,32,50,78,19,80,64,79,49,76,42,55,65,46,71,68,44,47
60,63,64,82,79,45,22,41,48,35,37,62,65,59,70,34,54,74,51,26,71,25,46,32,19,33,15,18,52,53,39,36,16,69,55,43,72,30,20,57,28,40,67,49,77,24,44,23,75,73,17,27,58,38,56,80,83,61,42,31,81,66,78,29,21,50,47,68,76
55,29,76,41,21,24,51,26,57,54,33,48,61,69,77,53,45,64,39,66,42,68,43,74,37,60,16,56,40,63,67,31,46,80,62,82,22,34,81,58,27,79,70,83,25,49,50,71,65,44,78,19,72,75,28,35,18,52,59,17,30,32,36,47,23,38,20,73
32,51,27,62,83,29,36,24,50,55,43,26,71,56,61,68,70,46,23,76,81,64,54,19,53,73,21,52,60,20,82,30,25,44,65,40,72,63,38,34,69,67,39,22,66,47,18,77,17,59,74,58,80,48,35,49,78,42,31,41,75,33,37,28,45,79,57
30,68,76,79,35,29,23,22,24,61,46,45,52,65,40,39,66,73,18,49,19,56,32,38,67,60,37,53,78,83,33,58,34,75,51,27,50,28,64,81,77,26,20,21,41,43,63,57,62,48,80,74,25,82,31,36,69,72,71,59,55,42,44,47,70,54
27,30,44,74,77,54,43,71,80,33,59,60,32,35,36,73,57,28,51,40,75,22,72,79,46,65,55,29,21,23,31,20,69,41,56,42,67,26,45,76,62,48,82,53,39,78,63,38,50,64,70,68,19,58,47,25,37,66,81,34,24,83,52,61,49
61,83,48,23,63,45,43,65,44,34,27,31,68,58,72,62,47,36,52,37,24,32,20,82,67,77,64,81,54,51,30,76,21,75,71,22,73,80,26,56,35,40,42,57,38,74,59,25,39,78,46,55,60,29,79,49,33,70,28,66,53,69,41,50
73,21,32,44,61,30,62,23,74,37,22,55,26,54,64,70,47,34,45,59,41,77,63,83,71,56,81,38,49,51,24,28,82,80,33,66,50,65,58,75,29,53,43,48,35,39,36,40,31,52,57,76,25,42,67,27,79,68,60,46,78,72,69
26,51,83,30,70,56,43,42,29,28,54,59,32,33,27,38,53,48,82,52,69,79,81,74,46,62,49,63,39,24,57,36,78,23,60,64,35,75,58,31,71,67,66,37,47,55,40,22,80,41,77,61,34,45,25,73,76,50,72,68,65,44
72,75,28,80,61,25,35,69,55,77,65,36,52,73,70,53,63,59,60,62,47,34,49,24,32,23,81,82,43,74,67,44,33,68,54,79,51,46,76,57,27,39,50,71,78,30,42,58,64,83,48,31,40,56,45,37,66,26,29,41,38
64,35,45,38,42,24,57,25,67,40,36,76,41,79,30,52,47,37,81,51,62,80,27,73,39,68,31,78,54,65,44,56,61,28,66,53,72,75,46,48,32,33,74,43,82,70,26,58,83,71,63,59,29,55,34,77,49,60,50,69
61,80,56,76,57,54,75,82,27,79,32,67,81,37,65,64,63,26,36,74,69,83,48,46,77,51,38,34,52,78,31,68,25,43,55,50,66,44,71,35,60,33,72,30,39,53,58,62,29,73,42,49,41,70,40,45,59,47,28
71,75,66,73,44,39,46,80,53,48,74,56,29,34,64,36,45,81,63,52,35,65,31,79,61,38,51,54,72,43,49,33,78,76,32,55,30,26,67,68,58,83,62,47,27,69,59,77,50,40,57,42,70,41,82,37,28,60
30,67,29,81,42,62,49,33,31,70,32,61,41,72,68,74,65,66,77,48,51,34,82,60,78,47,52,79,73,56,63,53,37,55,36,46,43,58,40,64,59,35,44,76,45,39,75,38,50,83,80,54,71,69,27,28,57
40,43,54,51,50,74,79,30,66,56,83,42,47,62,36,32,52,34,76,71,44,33,65,58,80,68,46,57,35,67,39,78,28,48,60,41,81,72,55,59,69,70,31,82,53,45,75,77,63,73,38,64,49,61,37,29
77,53,36,58,40,71,41,38,30,61,59,45,68,62,47,66,72,63,42,33,56,79,46,67,43,81,52,35,82,57,54,32,31,76,34,29,65,50,83,55,37,75,64,74,78,39,48,60,69,80,49,73,44,51,70
79,48,36,52,60,37,74,61,69,56,73,42,50,72,70,62,51,32,46,53,40,77,76,83,66,80,59,44,33,71,68,58,30,34,82,55,57,39,67,54,49,75,31,63,45,35,64,38,78,43,47,65,41,81
78,51,82,55,32,64,54,77,40,61,66,53,79,60,38,67,31,74,49,58,62,35,42,41,70,46,36,57,37,63,71,52,75,69,48,76,59,45,39,47,50,44,81,43,68,80,33,56,73,83,65,72,34
63,79,46,52,82,78,80,56,68,71,65,35,43,77,40,36,76,66,45,41,38,83,74,37,49,67,69,34,58,53,54,55,57,60,51,33,62,32,42,75,73,50,64,44,47,39,81,61,48,59,70,72
70,46,45,81,44,39,82,61,67,73,63,40,53,74,72,38,80,37,33,79,65,66,50,34,55,48,59,49,35,47,71,41,77,52,68,51,78,75,58,60,43,64,83,54,42,57,62,36,69,76,56
74,40,62,39,54,76,38,78,81,37,70,75,52,77,49,47,35,51,44,72,82,63,43,60,68,71,83,61,58,66,64,79,42,36,57,48,69,67,45,59,34,73,50,65,56,41,46,80,53,55
83,67,81,54,82,56,40,58,70,75,71,35,73,36,39,65,52,64,74,63,51,77,48,60,69,45,42,79,38,72,61,66,55,57,68,43,46,76,62,53,50,80,41,49,37,78,44,59,47
50,72,63,45,51,73,75,64,56,68,62,52,71,55,40,48,67,82,61,44,47,41,65,80,53,66,46,83,59,54,79,43,70,77,38,74,76,60,39,81,78,36,49,69,37,58,42,57
54,51,64,49,43,41,68,53,73,77,61,75,69,76,59,66,60,58,81,50,83,42,74,80,45,38,72,39,71,57,44,48,56,79,40,67,55,37,78,52,62,70,65,47,46,63,82
72,71,82,48,68,38,55,67,57,70,80,73,44,63,66,42,75,79,54,49,52,78,61,56,77,50,62,51,64,58,69,39,81,41,46,40,43,53,76,47,45,65,59,60,83,74
70,48,69,79,52,82,50,72,83,56,44,71,46,66,80,60,42,76,49,45,59,47,62,61,58,65,73,53,39,74,51,43,57,41,54,40,75,64,55,81,67,78,63,68,77
82,41,76,77,47,44,59,73,66,62,61,46,60,45,64,43,83,75,57,80,67,71,78,54,42,56,52,55,79,58,65,68,74,50,51,81,70,69,53,49,72,63,48,40
71,65,58,41,82,45,49,48,75,70,77,66,42,83,54,57,76,74,51,60,62,73,78,79,68,52,46,61,47,72,59,53,63,50,64,55,56,43,44,81,69,80,67
43,79,54,81,74,65,44,46,42,57,76,73,47,63,60,49,69,56,75,52,67,82,62,68,83,77,51,59,48,53,61,78,45,55,72,50,64,71,70,66,58,80
74,44,81,43,70,73,56,77,80,75,67,52,53,68,57,45,46,79,66,72,82,64,54,51,49,47,55,65,59,48,78,62,58,69,50,60,76,71,83,63,61
54,53,56,55,44,62,71,79,63,69,75,80,57,59,46,58,50,77,60,64,67,70,52,61,83,45,51,73,78,49,47,68,81,65,76,82,72,74,48,66
57,58,80,47,55,53,75,60,62,70,83,65,69,49,82,79,77,54,64,72,52,76,71,59,45,50,56,61,48,68,51,78,46,63,74,66,73,81,67
75,79,54,65,74,51,82,64,73,68,57,66,71,62,48,50,61,72,78,56,53,81,60,76,49,83,69,52,77,70,63,55,47,67,59,80,46,58
66,73,59,74,60,47,68,57,82,70,61,63,67,50,72,81,53,65,55,62,71,64,80,52,51,48,58,75,78,49,83,77,69,76,56,79,54
67,48,83,78,63,76,82,54,60,53,59,61,62,52,56,50,57,72,69,70,79,65,77,80,66,49,81,74,58,71,64,51,55,75,73,68
51,54,75,77,80,67,56,78,57,69,65,74,70,64,55,50,76,66,68,53,60,62,52,59,72,71,79,81,49,58,61,63,73,82,83
74,78,59,61,53,71,58,64,70,79,57,65,51,54,72,68,75,63,62,82,80,66,73,50,69,60,67,56,55,83,81,76,52,77
64,79,68,73,80,54,82,69,81,70,57,62,56,78,60,75,74,52,67,77,65,76,66,53,55,71,59,63,51,61,83,58,72
79,61,66,71,80,83,57,76,75,59,62,55,69,81,54,65,56,63,68,58,82,72,78,53,74,52,64,67,60,73,77,70
79,62,78,57,55,67,68,71,66,70,53,77,61,60,56,76,58,63,59,81,80,64,83,82,69,72,74,54,75,73,65
54,62,82,83,67,56,70,55,79,68,71,60,65,78,61,59,81,75,63,77,57,73,80,76,58,69,66,72,74,64
63,76,58,64,72,67,79,81,66,77,75,70,83,74,71,57,55,59,82,56,65,61,68,73,69,78,60,80,62
58,64,73,80,71,74,75,70,79,67,82,56,59,77,62,78,66,61,65,57,83,69,72,68,76,60,63,81
59,71,64,66,76,69,77,82,65,80,81,67,73,58,62,68,74,75,61,60,72,83,79,70,78,57,63
75,73,68,64,62,61,59,63,72,78,71,74,83,81,80,65,82,66,70,67,58,79,77,60,76,69
80,68,72,82,83,62,60,77,73,64,75,76,71,66,61,79,74,59,81,78,69,67,65,70,63
79,81,60,62,75,76,73,78,63,82,83,71,69,65,64,74,72,80,77,67,61,66,68,70
72,82,75,68,78,70,69,71,66,76,83,64,63,61,73,67,62,80,74,77,65,81,79
76,67,77,72,66,73,79,68,74,70,69,64,82,65,71,62,75,83,81,80,63,78
74,72,81,77,78,83,67,65,71,70,75,63,64,76,68,79,80,69,73,66,82
78,65,75,73,74,67,76,83,79,81,69,70,64,66,80,72,68,82,71,77
71,78,69,74,72,67,70,79,83,80,73,82,77,66,76,68,75,65,81
67,73,66,79,81,68,83,77,69,76,71,80,70,72,75,78,82,74
73,78,81,67,77,82,69,70,74,68,79,71,76,83,75,72,80
76,80,83,82,78,71,68,74,73,69,72,81,79,75,77,70
83,70,76,75,77,81,79,69,82,73,78,72,71,74,80
80,71,70,79,75,83,78,82,76,74,81,72,73,77
80,71,75,74,79,76,78,73,81,72,82,77,83
74,76,81,72,78,80,75,77,82,73,79,83
81,76,82,77,80,74,75,79,83,78,73
77,74,80,82,83,79,81,76,78,75
78,76,79,82,75,80,81,83,77
81,78,83,80,82,76,77,79
81,82,79,83,78,80,77
79,83,81,82,78,80
82,79,81,83,80
82,81,83,80
83,82,81
83,82
83

84
Larkhall,55.73,-3.97
Long Buckby,52.30,-1.07
Low Moorsley,54.80,-1.47
Knowstone,51.00,-3.67
Butley,52.10,1.45
Staincross,53.58,-1.50
Churchtown,54.68,-6.75
Felsham,52.17,0.85
Lindley,53.65,-1.82
Postbridge,50.60,-3.90
South Normanton,53.10,-1.33
Witnesham,52.10,1.18
Haxby,54.02,-1.07
Stoke Holy Cross,52.55,1.30
Long Newton,54.53,-1.42
Longtown,51.95,-2.98
Roberton,55.42,-2.90
Verwick,52.12,-4.65
Ravenscar,54.40,-0.50
Llanerchymedd,53.33,-4.38
Ravenstonedale,54.42,-2.42
Falmer,50.85,-0.07
North Seaton,55.17,-1.52
Lynsted,51.30,0.78
Torpenhow,54.73,-3.23
Kingston Bagpuze,51.67,-1.42
Llanfrothen,52.95,-4.05
Gillingham,51.04,-2.28
West Stratton,51.15,-1.23
Bretherton,53.67,-2.80
Papplewick,53.05,-1.18
Acharacle,56.73,-5.78
Salisbury,51.07,-1.78
Hillswick,60.47,-1.50
Jedburgh,55.47,-2.57
Aldeburgh,52.15,1.60
Leedstown,50.17,-5.37
Wylye,51.13,-1.98
Dogdyke,53.08,-0.20
Ashton Keynes,51.63,-1.93
Wyke,53.73,-1.77
Little Fawley,51.50,-1.43
Wyberton,52.93,-0.02
Mickleover,52.90,-1.53
Cresswell Quay,51.72,-4.83
Goldsborough,53.98,-1.42
Halkirk,58.50,-3.50
Bray,51.50,-0.70
North Walsham,52.82,1.38
Flagg,53.22,-1.80
Lostwithiel,50.40,-4.67
Fairlie,55.75,-4.85
Raithby,53.17,0.07
Glossop,53.42,-1.90
Escrick,53.88,-1.05
Kentisbury,51.18,-3.98
East Stour,51.01,-2.29
Ticehurst,51.03,0.42
Church Minshull,53.13,-2.50
Mosside,55.15,-6.42
Moreton,53.40,-3.12
Hazel Grove,53.38,-2.12
Pimperne,50.88,-2.13
Amhuinnsuidhe,57.97,-6.97
Upper Sapey,52.27,-2.47
Aldershot,51.25,-0.77
Altofts,53.70,-1.43
Kettlewell,54.13,-2.05
Brotherton,53.72,-1.27
Lamarsh,51.98,0.77
Usworth,54.92,-1.50
Cornsay,54.78,-1.77
Patna,55.35,-4.50
Hill Head,50.82,-1.23
Broxburn,55.93,-3.47
Fladbury,52.12,-2.02
Dollar,56.15,-3.67
Hengrave,52.28,0.68
Gidding,52.43,-0.35
Marchwiel,53.02,-2.95
Kingskettle,56.25,-3.12
North Dalton,53.95,-0.57
Shillingstone,50.90,-2.25
Chipping Warden,52.12,-1.27
58,27,69,68,24,20,51,37,45,72,5,16,28,39,83,54,75,70,67,4,61,71,14,10,11,57,48,55,43,13,12,15,74,60,3,63,81,62,42,49,6,32,52,38,36,78,17,34,21,22,9,33,59,65,79,2,41,30,73,29,19,64,77,66,46,25,40,80,50,18,56,7,47,44,84,76,82,53,8,23,26,31,35
46,71,56,76,38,6,41,72,53,36,20,69,26,65,74,12,67,7,62,77,25,80,81,10,50,57,40,48,63,52,31,64,70,35,45,34,42,19,75,13,29,37,23,44,27,47,55,73,33,39,22,58,28,11,15,79,30,43,32,18,21,84,83,61,82,9,5,17,14,3,78,54,59,4,16,49,8,66,68,24,60,51
83,15,73,21,39,56,46,74,25,11,20,48,16,77,58,70,63,64,80,53,42,43,23,52,78,79,81,59,72,44,84,36,7,38,6,27,22,67,31,19,24,29,28,8,82,41,50,54,65,68,35,51,30,5,14,12,49,45,33,37,40,47,32,76,62,66,17,4,13,9,55,10,26,61,71,57,18,69,34,60,75
80,36,71,50,11,15,62,43,24,10,73,51,58,63,69,66,5,65,21,60,8,75,77,37,35,29,42,74,6,25,67,59,18,27,48,32,83,78,54,31,70,12,22,72,7,26,47,19,13,41,20,53,23,76,39,81,82,30,16,57,46,49,55,61,84,68,34,64,33,44,79,28,14,38,45,40,9,52,56,17
81,29,67,48,26,62,69,23,59,34,18,33,19,76,14,56,41,40,35,70,22,6,9,49,30,84,68,77,52,21,44,37,57,45,39,10,25,46,54,61,20,58,51,7,36,53,63,65,83,72,78,31,55,24,73,82,8,43,16,27,66,28,38,75,47,15,11,64,79,50,13,12,80,60,71,32,42,74,17
28,20,51,52,76,67,29,60,73,26,24,59,22,31,78,42,30,35,32,48,75,27,25,39,46,8,64,61,15,77,17,71,49,56,34,84,58,74,43,83,37,68,36,21,40,62,41,23,44,81,9,47,12,65,45,63,53,50,79,14,66,19,57,55,16,72,33,13,54,70,18,10,80,7,82,11,69,38
9,21,52,49,11,84,18,50,10,40,80,66,48,72,20,32,71,74,26,36,78,16,30,58,29,38,42,67,8,45,81,43,24,33,59,83,61,54,76,31,34,55,62,39,15,53,28,57,56,23,35,19,70,17,46,44,68,41,75,65,82,47,22,69,14,37,79,27,63,25,64,77,51,60,12,13,73
67,35,57,72,53,61,78,25,31,81,19,62,44,13,33,83,17,18,56,37,45,29,59,46,63,64,47,42,69,84,40,50,73,11,10,71,48,30,21,34,36,74,66,60,65,49,43,39,68,38,52,24,70,82,12,20,14,16,9,28,77,27,51,54,79,80,32,55,75,26,22,23,76,41,15,58
16,32,76,20,15,51,52,84,50,71,14,43,45,37,46,19,49,77,22,62,26,34,12,36,56,65,75,44,23,10,27,83,13,68,17,35,18,33,25,48,70,82,53,78,30,31,21,58,28,74,11,47,40,67,64,73,54,57,55,66,38,72,24,41,60,42,69,79,29,39,59,63,81,61,80
59,77,44,60,54,61,12,40,42,47,37,11,74,29,49,25,55,22,21,66,73,28,56,34,76,63,17,72,78,23,18,31,45,50,82,75,15,58,24,80,30,33,68,13,20,53,16,52,65,43,46,41,70,62,35,51,48,79,19,57,67,39,69,64,36,38,83,27,14,71,81,32,26,84
29,45,25,48,46,36,34,80,77,56,82,72,84,31,76,79,32,57,13,52,33,53,19,70,41,81,17,20,63,28,35,51,62,69,26,21,73,30,24,66,75,43,44,71,12,59,83,68,78,58,74,67,39,40,65,50,47,18,42,37,38,55,60,27,64,54,14,16,22,49,61,15,23
55,62,20,32,19,24,80,41,65,71,64,16,31,54,25,27,28,40,76,46,68,78,83,26,37,15,33,42,66,43,82,73,44,77,18,84,36,81,79,47,75,38,48,13,60,29,22,34,74,52,72,51,45,39,67,14,58,53,59,61,70,23,17,69,63,50,35,30,49,56,21,57
70,71,84,45,79,74,64,66,38,63,32,77,73,67,55,35,19,47,14,78,68,81,25,62,58,53,41,59,61,69,72,27,21,23,20,60,51,80,17,31,39,33,40,46,30,56,29,83,43,34,37,24,57,22,49,54,76,44,50,36,16,18,28,65,26,42,15,75,48,52,82
32,19,26,49,15,65,54,71,20,43,24,51,57,23,60,82,84,18,64,77,78,75,48,21,33,38,72,28,27,16,44,81,45,17,50,56,53,66,25,36,52,39,73,76,58,61,41,74,37,29,80,69,62,83,67,42,55,46,30,34,70,59,35,68,40,47,22,31,79,63
22,29,58,16,32,61,82,47,81,60,71,45,31,80,63,39,17,57,36,49,56,41,48,52,77,40,27,51,59,21,50,64,65,30,24,74,38,55,25,78,73,28,66,84,37,75,19,33,76,62,20,83,44,35,69,70,23,53,42,79,18,54,34,68,67,46,26,43,72
27,18,66,39,43,30,44,69,78,23,75,35,38,26,34,68,67,84,81,52,32,47,55,20,79,40,64,54,37,31,63,56,62,53,36,46,45,65,50,24,60,59,21,61,49,51,58,28,41,83,25,42,72,77,74,73,57,29,70,80,19,33,22,76,71,48,17,82
47,77,65,39,18,34,62,30,72,57,83,48,24,76,73,61,21,68,81,27,82,20,53,25,26,37,55,32,51,67,33,60,40,74,69,31,46,52,19,78,75,38,44,41,63,80,54,59,28,79,64,29,43,66,70,22,58,49,56,42,36,71,35,84,45,50,23
53,62,83,35,77,51,74,57,27,63,22,44,52,36,78,60,33,25,82,84,29,24,81,67,34,19,75,80,73,38,76,70,46,21,69,39,61,28,59,66,37,32,55,71,45,64,20,26,42,40,30,56,48,72,50,54,23,68,41,43,58,31,49,65,79,47
75,51,25,73,54,59,82,39,63,78,36,24,22,41,55,40,74,33,60,34,38,80,52,72,64,81,29,56,26,31,35,27,32,79,49,68,71,30,69,65,62,61,46,58,44,23,77,67,47,21,48,53,83,42,45,57,28,76,66,70,84,43,20,37,50
58,30,24,37,80,32,26,78,71,62,56,69,73,77,60,38,42,48,50,51,46,34,40,64,52,72,41,61,81,21,47,79,66,23,57,33,49,76,27,39,84,65,70,67,75,53,59,35,29,68,63,74,28,31,45,36,22,43,55,25,83,54,44,82
44,47,25,84,46,67,27,33,54,71,38,42,34,39,80,70,48,63,81,36,29,57,55,66,35,79,56,50,30,24,75,78,83,65,73,41,77,26,64,23,32,49,68,51,60,58,72,43,61,52,40,69,28,22,59,82,74,62,31,45,76,53,37
23,50,62,61,67,42,39,76,74,52,79,33,75,44,43,49,65,40,58,59,60,84,27,56,53,51,71,45,57,66,70,28,48,41,32,38,68,36,46,83,77,35,72,69,82,29,63,64,37,25,55,81,31,26,30,24,80,54,78,47,34,73
54,74,34,45,78,25,35,42,73,83,55,40,24,80,41,51,30,44,58,52,28,66,84,37,76,70,33,38,61,79,46,77,65,69,57,72,53,56,60,81,32,49,82,47,48,39,36,75,26,43,31,62,29,67,71,68,50,27,59,63,64
43,74,49,75,69,37,61,77,31,47,63,56,81,51,62,46,55,50,35,44,42,58,33,82,71,26,27,53,54,64,68,48,59,29,73,25,36,34,28,80,30,38,41,79,78,65,70,52,76,57,67,72,32,84,60,39,45,40,83,66
69,80,41,78,43,55,76,31,42,62,83,71,74,50,53,51,66,56,58,36,70,38,65,45,40,35,54,33,59,81,49,28,34,57,32,84,64,61,37,46,77,44,47,63,82,67,26,79,27,48,68,75,30,73,52,60,29,72,39
46,58,47,33,74,84,48,54,67,39,44,30,71,80,64,34,77,73,81,63,53,61,79,36,35,76,52,66,70,50,40,41,28,43,72,60,57,38,27,59,82,45,42,69,32,31,83,65,49,51,29,55,37,56,62,68,78,75
52,68,44,30,53,63,35,45,46,79,36,29,37,84,65,70,77,28,49,74,78,56,60,61,43,39,47,40,76,33,42,41,54,73,51,72,32,62,80,69,55,34,82,67,31,38,83,58,71,50,59,57,75,81,66,64,48
44,61,78,43,39,45,80,67,36,77,49,63,35,66,54,47,34,42,40,83,70,50,62,51,37,73,69,71,38,59,74,31,81,72,57,64,60,41,84,56,53,65,33,32,48,75,55,76,82,68,46,29,30,79,58,52
56,70,69,52,45,72,74,58,48,78,54,55,47,44,41,39,51,60,82,46,77,33,31,81,38,64,30,37,61,59,49,84,83,76,36,67,35,40,32,79,63,43,80,73,53,34,50,68,57,62,66,75,71,42,65
37,55,35,70,79,68,33,69,49,51,48,67,78,59,47,62,64,84,63,53,76,75,50,77,54,73,61,36,82,39,43,34,57,45,66,81,42,83,65,40,74,44,72,80,38,58,56,32,52,31,46,60,71,41
44,63,68,65,45,32,64,70,71,48,33,84,69,82,62,61,72,78,42,46,58,54,34,36,50,80,73,53,75,52,35,66,57,51,37,74,55,79,59,67,83,76,77,40,49,38,81,43,41,56,60,47,39
35,38,43,46,47,81,74,73,57,79,34,49,59,41,50,63,82,52,61,39,69,48,37,64,75,51,54,80,45,72,77,67,84,66,83,68,71,42,44,65,70,36,56,33,76,55,53,62,40,78,58,60
81,34,71,84,74,46,72,80,57,83,60,76,69,79,62,43,58,78,54,35,52,59,50,48,49,73,38,82,47,63,67,36,40,41,75,42,37,53,39,66,77,44,70,61,51,56,55,65,64,45,68
81,76,46,63,47,65,50,38,68,62,41,40,66,84,67,55,77,83,54,71,36,48,61,37,42,52,69,75,82,57,35,43,78,72,59,80,60,49,56,70,74,45,64,58,51,39,53,73,79,44
48,55,74,57,67,38,51,37,47,66,41,64,80,70,45,56,61,62,75,78,50,77,43,39,49,79,42,60,63,83,59,36,81,68,53,46,54,69,65,52,73,82,84,72,40,58,44,76,71
40,79,51,56,67,43,64,60,61,37,45,59,75,57,83,44,50,69,84,53,81,82,66,42,39,68,71,65,54,41,38,73,74,76,80,77,55,46,52,47,72,48,70,58,78,63,62,49
63,62,40,48,76,55,68,64,44,69,49,78,42,54,57,61,79,41,58,75,65,56,83,71,77,73,53,74,67,43,59,51,70,84,52,72,45,60,47,50,82,66,39,38,81,46,80
51,54,53,80,84,50,83,82,64,65,79,41,75,40,76,59,77,49,62,43,60,56,74,47,71,52,68,61,46,63,69,57,44,66,45,48,67,78,72,39,81,55,42,73,58,70
76,42,60,63,82,50,74,71,84,49,73,52,68,61,70,55,77,54,66,59,48,45,51,53,69,41,43,75,64,80,83,57,78,65,79,46,47,67,62,81,44,58,40,72,56
81,74,61,57,59,52,79,69,75,47,54,45,48,63,66,73,56,83,78,82,51,68,70,67,42,53,49,62,41,55,44,84,46,43,76,71,77,72,58,80,60,64,50,65
49,72,70,80,76,73,65,61,57,64,48,55,71,45,54,63,42,81,51,69,82,56,47,59,75,77,43,58,44,84,52,74,78,83,66,62,79,50,67,53,68,60,46
73,68,49,74,62,70,71,50,43,47,81,45,63,69,82,79,60,54,58,59,64,78,51,56,57,75,83,46,76,65,53,80,61,52,66,77,48,72,67,44,55,84
67,71,68,69,54,65,70,46,82,55,53,56,74,57,60,45,63,52,47,81,66,73,84,83,59,76,44,77,62,79,48,51,75,58,80,61,50,78,49,64,72
52,80,83,69,67,72,71,78,77,74,61,58,59,65,48,68,76,73,55,46,81,66,70,64,49,57,79,82,84,45,50,53,51,54,56,60,47,63,75,62
55,56,71,47,83,80,84,46,74,57,61,51,70,75,72,63,65,82,48,69,66,53,67,54,60,68,76,50,59,52,73,79,62,64,78,49,58,77,81
81,52,47,83,69,70,68,48,72,65,73,80,74,57,51,71,62,63,53,84,54,60,75,49,55,66,61,50,76,78,79,82,64,77,59,58,56,67
78,66,52,59,63,72,83,57,81,68,65,74,64,75,50,71,62,79,60,73,55,53,67,69,61,54,80,49,76,56,48,51,70,58,84,77,82
76,50,57,66,63,80,58,78,75,51,52,67,59,64,65,53,71,72,70,79,69,82,81,62,73,56,74,83,77,84,54,60,49,55,68,61
82,70,54,73,51,66,80,78,55,72,52,74,61,60,62,57,76,53,64,65,56,75,79,68,81,71,58,59,63,77,84,83,50,67,69
72,81,83,61,69,60,59,84,62,77,78,80,73,57,76,65,54,58,56,51,55,64,68,75,67,66,70,74,52,63,71,53,79,82
84,63,60,78,71,83,59,82,66,67,55,70,56,57,79,58,76,72,52,77,73,75,74,64,81,54,65,80,53,68,62,61,69
55,69,59,82,57,66,79,83,74,77,62,76,81,64,54,73,78,63,58,72,80,65,67,53,60,68,75,70,56,61,71,84
65,71,84,54,66,82,64,79,75,56,72,68,81,63,57,70,69,77,62,78,80,73,67,83,76,74,60,59,58,61,55
77,66,57,71,69,70,63,60,56,82,84,74,62,80,76,64,65,83,72,81,55,59,68,79,73,75,78,61,67,58
65,69,82,80,63,67,77,59,60,62,73,81,56,84,74,64,68,72,57,71,79,83,58,75,76,78,70,66,61
59,60,78,80,83,72,69,84,79,82,58,57,65,63,74,64,73,81,71,67,70,77,76,75,62,68,61,66
74,77,80,73,82,79,61,62,69,72,71,59,75,64,83,65,67,63,84,78,68,70,60,76,81,66,58
78,73,81,67,79,70,63,69,76,75,66,71,65,59,68,80,61,74,64,82,62,77,72,83,60,84
81,77,79,64,66,71,65,76,70,61,63,72,80,67,82,69,60,73,78,74,68,84,83,75,62
63,68,80,67,61,79,70,75,65,82,64,77,62,69,83,78,81,76,74,72,66,71,73,84
67,64,76,79,71,75,78,68,72,81,65,84,77,82,63,83,66,74,69,80,70,62,73
73,81,74,84,68,75,65,77,82,71,80,78,64,72,63,76,69,67,70,66,83,79
77,76,81,72,79,66,75,70,71,82,84,80,67,73,69,64,74,78,68,83,65
73,78,84,74,70,65,68,69,77,71,75,66,83,79,80,82,72,76,67,81
76,81,80,72,68,79,84,66,70,78,75,82,71,74,67,69,83,77,73
79,80,82,71,78,70,76,75,74,67,72,68,83,73,81,84,77,69
69,81,80,74,75,77,76,84,72,71,68,70,83,73,79,78,82
80,79,71,78,81,77,75,76,74,72,70,73,82,84,69,83
81,73,82,74,76,72,80,83,84,70,77,75,79,71,78
77,79,76,73,83,71,74,82,84,75,80,78,81,72
83,81,78,75,82,79,72,73,77,80,76,74,84
78,77,80,74,76,81,83,79,82,73,75,84
77,78,81,74,80,79,75,83,82,84,76
81,75,76,83,78,80,77,82,79,84
76,77,78,79,81,80,84,83,82
82,83,81,80,79,84,78,77
80,83,82,84,79,81,78
82,79,81,83,80,84
81,83,84,82,80
83,82,84,81
83,82,84
84,83
84

117
Grendon Underwood,51.87,-1.00
Holmbury,51.18,-0.42
Ancrum,55.50,-2.58
Saint Merryn,50.52,-4.97
Culmstock,50.92,-3.25
South Hykeham,53.17,-0.60
Barrmill,55.72,-4.60
Killamarsh,53.32,-1.32
East Dean,50.90,-0.72
Leadenham,53.05,-0.58
Kingswood Warren,51.32,-0.25
Wrabness,51.95,1.17
Monkhopton,52.53,-2.57
Wisborough Green,51.02,-0.50
Yarcombe,50.87,-3.07
Mirfield,53.67,-1.68
Sparsholt,51.07,-1.38
Sixhills,53.37,-0.23
Springburn,55.88,-4.22
North Kelsey,53.48,-0.42
Llangurig,52.40,-3.60
Niton,50.58,-1.28
Farington,53.72,-2.70
Great Bookham,51.27,-0.37
Corscombe,50.85,-2.68
Hammersmith,51.50,-0.23
Great Sampford,51.98,0.40
Urchfont,51.30,-1.93
Sutton On The Hill,52.88,-1.65
Ringwould,51.17,1.37
Borley,52.05,0.70
Butetown,51.46,-3.16
Brora,58.02,-3.87
Sidley,50.85,0.47
Walton Le Dale,53.73,-2.67
Bramerton,52.58,1.38
Westwood,51.33,-2.27
Perry Barr,52.50,-1.90
High Easter,51.80,0.35
Wroxham,52.70,1.40
Buckhorn Weston,51.02,-2.35
Gattonside,55.60,-2.73
Chilwell,52.93,-1.23
New Pitsligo,57.58,-2.18
Tregaron,52.23,-3.92
Bowhill,55.53,-2.90
The Diamond,54.38,-6.12
Arthog,52.70,-4.02
Ashbury,51.55,-1.62
Sheriff Hutton,54.08,-1.00
Staplefield,51.03,-0.18
Mountain Ash,51.68,-3.38
Waltham On The Wolds,52.80,-0.80
Tanworth,52.32,-1.83
Lingdale,54.53,-0.95
Weldon,52.48,-0.63
Letcombe,51.55,-1.45
Low Hesket,54.80,-2.82
Balquhidder,56.35,-4.37
Llwyngwril,52.67,-4.08
Denham,51.57,-0.50
Milton Regis,51.35,0.75
Little Smeaton,54.42,-1.47
Semer,52.08,0.92
Capel Saint Mary,52.00,1.07
Saint Fillans,56.38,-4.12
Finaghy,54.55,-5.98
Charlwood,51.15,-0.22
Midlem,55.53,-2.75
Woodrising,52.58,0.93
Rothbury,55.32,-1.90
Atlow,53.03,-1.65
Brampton En Le Morthen,53.38,-1.27
Kenton,55.00,-1.65
Cwmann,52.10,-4.07
Peatling Parva,52.48,-1.13
Alton Priors,51.35,-1.83
Banbridge,54.35,-6.28
Rusholme,53.45,-2.23
Durnford,51.13,-1.82
Lilliesleaf,55.52,-2.73
Rivenhall,51.83,0.67
Hale,54.20,-2.75
Mossbay,54.63,-3.55
Binbrook,53.43,-0.18
Colton,54.27,-3.05
Llangynin,51.85,-4.54
Bottisham,52.22,0.27
Woodham,54.63,-1.55
Bishopstoke,50.97,-1.33
Bruntingthorpe,52.50,-1.10
Brent Knoll,51.25,-2.96
Claudy,54.90,-7.15
Horsley,54.98,-1.85
Church Minshull,53.13,-2.50
Newton Longville,51.97,-0.77
Cardenden,56.13,-3.25
Benholm,56.80,-2.32
Mayfield,51.00,0.25
Guide Bridge,53.47,-2.12
West Meon,51.02,-1.08
Little Habton,54.17,-0.85
Shouldham,52.65,0.48
Aubourn,53.15,-0.62
Sennen,50.07,-5.70
Bayble,58.20,-6.22
East Hardwick,53.65,-1.30
Hartington,53.13,-1.82
Manadon,50.40,-4.13
New Holland,53.70,-0.37
Brisley,52.75,0.88
Clipstone,53.17,-1.10
Blairgowrie,56.58,-3.33
Sudbourne,52.12,1.55
Castle Eden,54.73,-1.32
Redcastle,57.52,-4.53
Gretton,51.97,-1.98
56,62,90,46,84,40,71,68,14,57,37,97,79,75,6,48,58,88,78,83,81,60,9,95,89,17,36,8,64,3,102,103,110,42,76,44,21,23,45,29,85,80,113,19,100,16,112,5,15,91,115,53,107,59,26,50,20,33,82,109,47,106,4,32,11,13,31,38,54,52,10,43,28,7,108,55,12,94,87,72,30,98,116,27,93,114,99,66,77,104,2,92,96,69,39,111,74,105,86,117,67,18,101,65,49,25,51,41,61,22,70,35,73,24,63,34
58,56,48,10,8,97,38,5,30,92,69,25,83,62,50,43,47,6,78,12,107,60,59,35,61,42,26,70,79,21,16,13,52,101,106,40,91,14,19,89,105,64,20,98,85,11,82,17,117,57,7,31,109,67,100,53,103,28,63,77,39,49,45,90,72,51,33,74,34,44,114,68,104,88,36,32,22,4,18,86,71,66,94,27,29,112,65,99,3,102,80,9,76,110,93,15,54,75,37,24,55,115,87,41,23,81,95,111,116,113,73,46,108,96,84
26,63,30,105,57,35,62,31,94,60,36,67,10,33,73,37,5,27,86,104,66,116,111,90,61,50,84,102,18,16,68,88,91,43,53,79,44,81,46,47,83,96,82,115,101,114,41,24,25,113,19,48,13,7,108,106,58,80,21,85,112,51,22,54,99,97,40,8,49,107,20,52,4,92,28,103,23,70,100,9,77,71,95,15,39,17,74,14,34,110,11,87,55,117,93,6,32,59,42,78,56,29,69,72,45,89,65,75,109,64,38,76,12,98
10,63,73,55,25,40,15,48,21,7,41,35,14,9,117,34,74,90,108,20,37,22,24,81,103,113,44,11,13,79,76,85,69,91,104,98,43,28,116,114,16,95,59,89,26,107,82,5,57,60,38,70,112,12,115,56,80,49,92,52,97,39,64,86,99,94,45,78,17,50,8,33,110,87,27,84,71,105,101,106,23,54,46,62,19,51,88,77,111,61,93,18,29,66,53,58,42,67,32,36,6,100,96,31,68,75,109,72,102,65,83,47,30
52,29,75,16,36,8,13,103,34,66,64,78,100,63,117,49,87,96,79,12,35,57,37,30,38,10,46,76,82,65,58,68,40,62,60,104,61,69,101,111,72,43,73,112,6,54,86,92,39,15,81,32,17,23,91,110,88,89,71,74,7,70,41,50,45,55,48,109,93,99,83,95,80,97,107,102,22,94,77,108,31,25,113,21,47,18,67,85,51,114,9,106,84,115,19,116,27,24,53,20,59,26,90,28,56,44,14,42,33,11,98,105
70,15,116,21,101,54,67,79,76,85,64,31,61,110,89,28,71,45,115,24,36,30,99,96,60,32,114,9,42,77,25,11,20,12,63,105,22,88,17,41,95,86,29,38,7,37,56,83,75,52,40,91,66,87,19,13,72,57,97,47,39,34,82,74,78,44,100,102,51,84,73,90,59,111,53,10,55,69,46,106,92,98,65,80,14,18,43,104,117,8,62,113,49,108,27,35,50,107,94,103,23,112,81,33,68,93,58,16,109,26,48
35,73,26,20,99,24,60,33,52,78,75,40,85,58,70,65,84,103,82,45,46,32,67,87,36,100,113,69,54,13,112,79,114,8,10,95,117,16,61,18,62,42,92,83,111,59,21,80,25,68,57,110,55,50,28,94,48,81,43,72,109,31,89,39,23,9,108,29,34,104,98,30,64,86,74,37,90,56,51,49,101,11,44,102,19,41,66,96,91,76,105,47,53,15,63,97,22,107,71,88,38,12,93,77,115,14,17,116,106,27
86,73,34,117,97,111,69,101,42,85,61,114,99,54,79,19,64,50,62,21,112,107,11,9,98,76,90,16,22,89,110,68,87,36,104,57,84,24,25,39,96,102,60,113,51,80,26,115,13,55,17,100,77,56,44,49,67,65,70,33,71,29,14,28,106,43,63,52,75,72,109,53,116,59,46,38,81,27,58,12,91,82,10,18,83,15,23,94,37,40,93,35,103,88,48,47,32,66,45,78,31,30,20,92,105,74,108,41,95
47,115,74,95,89,54,17,90,80,73,40,72,25,37,19,81,97,26,55,32,77,13,56,70,65,50,84,34,10,87,31,22,64,78,108,101,68,43,106,62,30,104,52,59,21,83,44,53,35,117,107,82,33,67,45,99,28,24,60,111,49,91,20,27,57,16,100,110,71,58,86,93,38,75,85,114,112,96,15,36,63,48,41,102,76,39,66,79,42,94,46,109,92,23,113,61,51,105,14,98,116,69,11,103,18,88,29,12
36,109,27,24,94,26,74,87,37,68,44,15,77,48,59,110,85,80,64,106,39,22,92,35,25,56,28,49,47,18,45,66,23,107,20,86,108,58,63,117,112,32,70,65,71,51,88,12,82,34,105,116,42,81,91,16,21,14,33,76,38,30,90,73,114,103,93,67,83,31,19,115,113,79,78,53,55,102,96,54,89,11,75,40,13,97,41,52,62,101,100,84,111,50,99,61,95,98,46,17,43,60,69,104,72,57,29
69,100,12,79,36,112,88,24,86,102,90,53,38,83,41,71,34,68,93,77,46,14,58,28,103,108,117,29,44,32,20,114,109,13,59,25,30,35,89,62,81,96,65,111,37,61,55,40,50,91,106,23,43,107,21,74,16,17,84,39,78,63,27,110,66,73,75,67,48,94,15,33,31,95,26,47,60,113,72,18,64,101,45,115,70,22,92,99,98,116,76,82,85,52,97,54,80,104,51,105,56,42,57,19,49,87
68,29,54,56,31,95,41,39,75,14,40,27,91,78,44,26,64,96,106,94,33,20,112,63,81,115,88,111,103,92,60,73,45,80,61,30,93,66,25,72,42,69,84,85,102,49,15,53,50,24,87,89,19,97,16,82,108,17,110,109,55,86,67,36,116,62,76,23,43,47,51,46,83,77,48,104,101,105,99,58,52,114,22,34,65,32,100,37,70,35,59,28,57,13,107,79,38,117,74,90,21,71,98,113,18
117,113,23,60,74,52,91,94,87,28,55,30,56,92,58,54,101,49,24,22,38,64,47,37,110,90,71,86,33,45,65,70,44,17,25,79,85,97,77,39,78,15,59,106,115,16,35,19,84,63,89,108,104,75,67,93,40,81,112,109,31,48,103,62,34,36,105,57,69,42,80,98,41,73,82,68,14,102,111,43,76,66,99,32,21,51,18,96,107,88,116,83,26,72,53,20,29,61,100,95,27,46,114,50
73,96,97,111,21,46,68,17,106,44,57,98,60,58,84,53,49,74,69,99,25,18,83,102,75,51,55,38,100,23,82,48,91,39,54,87,16,42,65,109,37,34,32,45,107,117,86,67,93,47,43,31,61,80,72,66,101,113,88,30,92,62,81,108,40,71,64,36,59,63,114,104,50,95,116,90,28,22,26,24,27,89,41,112,115,29,77,19,94,70,105,56,103,85,78,33,20,110,15,52,79,76,35
46,84,106,65,32,39,101,66,96,92,68,114,60,72,70,86,67,20,116,75,54,115,117,80,63,48,47,79,103,24,26,59,53,61,95,94,27,109,99,45,52,33,40,71,74,85,104,22,108,28,42,30,78,87,49,113,105,93,21,16,112,44,38,51,111,23,29,55,57,62,100,83,98,110,19,58,43,35,37,81,25,69,77,41,17,107,50,76,82,88,102,31,90,36,56,73,18,34,91,64,97,89
95,49,107,69,30,99,28,34,74,106,42,50,104,70,110,65,25,52,101,32,27,111,26,46,112,100,109,56,53,57,81,76,98,62,18,115,92,93,80,103,33,35,85,89,82,64,114,66,71,84,108,24,37,78,41,117,29,79,44,58,88,90,116,60,40,43,51,21,94,68,59,67,31,97,20,22,63,61,113,72,19,105,17,91,39,47,77,48,96,55,87,86,38,102,83,75,73,45,36,54,23
62,114,56,75,33,66,70,84,72,61,69,79,110,112,53,83,63,23,55,57,80,102,67,24,71,92,18,60,52,41,96,108,85,42,44,81,86,28,116,46,29,22,31,54,68,100,26,88,37,39,109,105,82,89,91,78,99,36,65,98,50,58,48,20,117,111,35,103,43,87,76,49,19,34,97,59,40,95,93,106,90,27,47,45,101,115,21,107,25,104,74,32,51,38,30,77,113,64,73,94
62,66,113,115,86,117,24,68,36,78,37,50,81,93,34,111,99,70,73,30,98,27,49,83,22,29,21,85,47,58,39,32,54,28,112,60,56,90,101,96,94,108,38,91,55,77,53,41,97,64,103,92,76,80,63,31,48,75,25,114,20,51,89,107,87,100,42,46,69,61,74,52,116,79,65,35,72,44,88,26,104,110,82,40,57,84,95,105,23,19,106,45,67,102,109,43,71,33,59
56,25,109,61,108,46,95,102,55,39,91,51,83,52,106,87,26,53,65,68,57,41,96,84,33,81,35,70,48,27,94,23,97,93,116,90,49,104,64,103,101,112,28,77,40,73,47,34,110,21,50,92,107,38,115,43,63,29,30,20,60,114,59,88,32,86,89,58,99,54,62,85,79,98,80,67,72,44,24,78,75,37,105,74,45,82,22,42,71,66,31,76,111,69,100,117,113,36
30,29,50,88,73,103,55,22,65,40,43,102,52,92,21,38,115,94,23,112,75,108,106,28,69,97,60,46,101,36,105,63,71,66,70,98,93,67,54,47,24,95,80,100,99,111,34,42,44,82,53,87,117,68,41,56,39,114,86,48,77,110,31,57,37,78,62,81,83,85,107,25,74,35,109,89,72,76,33,104,32,51,45,84,79,113,91,49,27,58,90,61,59,64,26,96,116
49,114,29,66,94,107,30,70,85,83,108,50,111,62,88,28,81,100,23,39,90,34,73,97,105,47,53,52,87,113,102,32,103,69,25,36,115,35,75,106,41,99,57,65,31,116,46,60,55,101,33,56,77,44,64,63,54,112,68,51,91,38,98,67,109,27,48,45,79,78,24,59,84,22,93,72,89,95,37,40,80,110,82,117,43,74,76,96,86,92,71,42,26,61,58,104
109,33,37,45,36,69,96,86,72,102,40,46,75,79,47,42,32,82,59,43,61,117,67,103,101,48,104,70,63,88,31,65,29,95,39,41,34,110,116,52,85,112,38,73,35,83,81,114,56,71,23,28,91,30,100,27,97,58,113,98,80,78,111,74,77,92,64,68,26,49,89,87,24,44,107,115,94,51,66,99,93,25,62,84,60,55,57,108,106,105,54,53,90,50,76
78,110,90,97,46,100,101,89,52,114,68,65,64,87,83,96,84,63,113,85,81,79,107,55,57,56,41,38,82,106,72,50,117,43,108,44,25,54,111,29,67,70,71,32,105,47,34,53,115,31,40,86,99,116,102,104,60,33,39,73,66,75,62,35,109,49,26,28,30,92,112,74,94,88,95,36,45,93,58,37,48,103,61,98,27,69,76,80,77,42,51,59,91,24
29,94,86,65,60,45,63,42,26,74,95,88,46,37,28,51,81,104,102,115,67,68,97,38,66,57,83,114,25,34,93,107,47,62,89,117,75,43,31,39,79,110,53,111,105,49,69,33,106,116,90,78,91,98,109,113,59,70,71,72,80,87,30,36,48,85,32,44,58,92,100,82,27,112,64,76,84,55,103,35,73,96,41,108,52,101,99,54,77,56,40,61,50
97,35,113,115,108,103,49,102,77,51,72,112,86,117,50,33,45,39,30,88,73,32,29,92,111,42,93,106,43,26,61,48,67,105,60,90,96,65,116,104,78,28,80,62,74,98,82,34,59,110,76,69,79,95,100,68,55,38,107,64,36,40,85,71,66,101,47,41,27,57,99,91,89,87,56,53,46,94,83,75,63,114,52,70,44,81,58,54,109,84,31,37
37,113,115,68,94,64,98,111,69,40,30,39,83,31,89,27,72,33,70,41,60,87,101,117,100,53,48,38,74,116,107,47,77,91,78,103,43,42,62,105,73,95,109,49,110,32,35,104,102,81,86,54,114,46,80,66,85,71,84,55,99,50,93,76,52,97,82,44,29,90,96,51,65,34,79,88,61,59,36,58,67,57,75,56,63,45,112,92,108,28,106
34,70,39,56,86,66,89,52,110,95,90,53,59,44,54,88,49,68,76,104,74,103,30,108,32,97,96,51,58,60,40,107,47,114,31,82,92,77,61,113,45,38,106,50,28,42,48,43,112,75,57,102,85,67,91,98,71,84,29,78,109,93,36,33,73,72,64,116,55,41,63,115,80,101,81,105,65,79,100,117,87,46,62,99,94,37,69,83,35,111
58,30,106,74,82,45,61,86,67,102,36,63,35,50,92,108,64,105,47,107,101,72,115,93,109,48,117,103,29,113,95,42,110,46,112,90,68,85,33,94,31,98,81,97,104,49,70,66,114,60,62,40,52,43,116,88,75,56,79,78,91,96,34,51,53,55,80,41,99,71,76,59,89,57,77,83,32,69,65,38,111,100,44,84,87,54,37,73,39
116,59,47,105,78,77,76,92,39,52,34,71,65,51,54,102,91,57,55,56,110,88,45,75,74,87,42,96,106,89,84,107,70,100,95,36,48,50,85,103,90,58,30,60,80,46,108,111,32,79,83,72,73,37,93,66,40,64,33,115,41,63,97,68,114,98,113,43,49,104,67,44,69,35,61,112,109,117,62,82,94,101,53,38,31,99,81,86
105,52,43,35,86,103,76,83,93,36,45,34,96,94,62,116,109,58,91,89,97,47,115,113,117,78,79,84,90,33,107,42,81,99,74,114,46,53,112,98,106,39,69,61,102,87,49,85,104,60,50,71,110,88,92,66,101,63,65,48,57,31,75,80,44,72,38,41,100,67,51,32,68,70,55,108,56,77,37,64,40,111,73,95,82,59,54
84,34,98,44,48,99,90,108,33,105,74,112,100,39,91,115,87,111,57,88,35,54,64,83,113,81,106,94,95,37,61,110,116,47,63,92,41,46,102,52,73,69,56,101,89,114,86,62,117,75,42,97,36,59,109,85,66,103,70,38,71,68,79,80,49,76,53,32,58,51,67,43,45,77,40,107,65,72,96,60,78,82,93,50,104,55
59,92,94,70,43,35,75,111,44,42,51,100,56,66,85,80,36,40,97,58,46,96,95,52,45,38,101,86,37,72,115,41,33,90,61,106,47,67,55,81,116,78,74,63,53,69,34,57,82,112,105,79,65,89,110,102,91,109,98,77,83,114,71,87,60,64,104,73,39,48,50,113,54,107,62,88,68,84,49,117,93,99,103,108,76
43,60,66,110,76,69,38,47,106,39,59,61,111,72,65,54,49,42,78,88,77,74,104,55,115,73,34,83,35,108,102,82,48,86,58,100,90,117,67,44,103,98,89,71,75,57,80,45,63,85,95,112,56,41,101,93,94,52,70,50,81,92,99,109,113,84,37,97,40,114,79,107,91,116,62,64,53,36,46,87,68,51,96,105
85,40,61,99,103,94,41,101,112,67,88,37,105,47,93,106,70,84,51,78,55,68,83,86,49,57,58,54,60,90,64,53,91,98,46,52,87,59,35,104,102,72,56,116,92,43,62,97,65,80,38,89,77,69,115,109,50,82,36,39,73,110,117,95,75,100,63,108,76,81,96,107,74,79,111,71,114,48,66,44,113,45,42
68,63,58,101,69,76,117,54,93,92,104,62,91,46,47,110,64,59,89,42,56,116,100,102,87,77,108,53,67,95,111,105,37,38,43,103,112,106,41,36,79,48,109,78,71,74,65,81,97,114,55,75,44,70,90,80,73,115,50,39,60,82,94,61,96,85,72,84,83,66,45,88,86,49,57,99,40,98,107,52,113,51
66,77,90,83,88,109,93,79,87,39,45,108,75,49,59,117,73,97,112,50,58,68,76,103,89,101,104,64,107,81,40,78,46,54,69,91,61,99,86,65,42,80,94,48,100,98,56,63,85,67,47,116,95,60,113,55,53,51,43,106,92,114,37,105,72,70,84,44,110,62,41,74,52,96,111,38,82,57,115,102,71
49,116,78,89,65,105,90,103,109,88,102,48,101,41,111,97,96,64,104,38,67,72,81,95,40,99,39,55,63,92,69,76,74,115,114,80,57,44,108,56,91,87,45,50,61,79,47,68,107,73,83,82,117,66,42,112,51,75,113,93,71,100,62,43,53,106,60,98,58,94,77,54,59,52,46,84,70,85,86,110
63,74,71,98,86,49,69,107,55,113,60,72,39,77,117,41,66,75,115,88,62,54,45,89,103,92,42,105,93,80,104,68,47,65,91,43,110,64,78,73,96,67,52,114,85,46,76,94,57,84,51,87,106,116,56,99,58,59,48,53,100,79,108,61,81,102,83,40,112,70,101,44,95,111,97,90,109,50,82
76,99,59,96,45,56,85,87,55,54,66,92,113,78,67,58,41,116,86,105,73,101,98,117,40,95,115,79,47,83,110,109,60,94,63,48,50,71,77,108,104,44,75,84,106,43,61,81,80,51,100,82,97,90,64,103,89,68,62,53,72,93,88,107,112,57,91,114,69,74,42,111,49,46,52,65,70,102
61,79,59,88,72,110,91,100,80,73,94,58,109,92,104,115,103,90,102,56,51,105,113,54,78,43,71,99,82,69,42,76,53,107,68,111,48,60,97,62,89,93,45,98,85,117,106,67,64,112,81,96,70,77,46,44,52,84,108,57,63,47,55,66,114,75,50,65,74,87,95,116,101,83,49,41,86
64,114,82,88,72,69,47,54,104,55,95,76,93,68,105,89,94,62,96,74,108,60,81,61,90,50,56,59,92,98,63,73,51,57,100,109,116,101,83,85,43,107,42,80,71,113,86,78,58,117,79,70,66,67,110,87,53,111,112,106,48,44,49,91,115,65,102,45,103,77,99,84,75,97,46,52
94,43,76,50,83,44,68,60,58,84,88,59,79,47,72,66,74,75,111,89,81,103,80,95,109,96,55,69,104,62,73,105,70,51,117,115,90,110,53,67,86,56,85,61,92,112,65,116,57,106,93,49,46,63,113,54,52,114,98,91,64,102,87,99,97,71,101,78,82,48,45,107,77,108,100
62,75,69,98,109,53,114,67,105,76,58,115,65,107,59,44,104,55,45,110,72,48,66,68,101,108,99,106,112,73,79,71,84,83,90,85,51,103,94,93,87,64,78,46,81,82,102,96,80,100,88,86,52,49,116,57,56,54,89,77,117,111,70,74,91,61,97,50,63,95,113,47,92,60
60,99,53,78,96,71,97,62,67,110,66,85,58,79,100,50,83,114,94,105,56,82,88,103,76,112,109,70,77,57,63,91,59,68,72,61,115,92,102,84,87,95,113,107,55,111,106,51,108,90,116,45,54,80,69,73,64,81,46,93,89,117,52,74,86,104,48,47,49,65,98,101,75
54,103,79,71,55,87,94,70,116,76,93,65,102,99,114,107,85,81,67,83,80,109,115,111,117,84,91,77,66,48,73,100,53,46,69,51,52,61,49,110,82,72,101,96,92,95,90,78,57,105,68,64,106,62,88,86,47,74,56,98,75,59,104,113,58,50,60,97,108,112,63,89
63,88,89,72,73,79,115,78,65,69,55,58,67,91,68,113,77,114,80,52,99,97,61,95,106,66,116,75,84,102,117,90,57,103,94,100,108,101,112,53,59,98,47,83,85,49,110,60,92,86,109,81,64,74,70,50,107,48,56,62,93,105,104,51,96,54,71,87,82,76,111
50,80,60,114,109,66,55,63,90,107,92,83,77,110,48,79,108,53,51,113,58,93,89,49,112,105,106,52,70,111,61,96,72,73,102,64,117,97,56,65,95,76,116,68,104,91,74,59,88,82,75,81,94,99,84,67,103,98,115,69,57,101,86,71,78,85,100,54,87,62
104,116,117,87,112,70,68,66,92,94,91,103,54,85,53,82,84,62,51,52,58,79,57,78,106,64,75,98,77,102,110,99,105,96,71,97,90,93,56,114,69,67,107,100,89,72,49,88,61,73,101,74,81,55,76,115,80,113,109,60,111,83,108,95,59,50,86,63,65
106,85,100,84,95,86,66,54,56,96,116,76,97,102,82,64,77,72,108,87,74,75,98,107,69,109,71,53,115,104,114,93,50,55,92,110,88,62,94,60,61,99,65,101,67,79,51,59,80,58,68,78,83,91,81,89,105,90,103,73,113,70,57,117,111,112,63,52
83,71,79,97,65,68,101,88,57,113,52,69,103,111,80,115,98,86,92,100,99,76,117,102,59,58,67,78,112,96,72,70,93,64,54,60,77,56,114,90,110,66,84,106,104,108,51,73,55,109,61,82,74,85,75,63,107,95,53,91,81,116,89,87,94,62,105
100,61,60,55,107,111,80,93,95,70,84,91,101,105,56,99,92,89,65,68,77,62,75,64,54,102,79,104,73,67,117,85,69,110,96,66,116,106,63,58,53,103,86,76,72,90,83,59,52,87,108,115,74,82,94,97,71,112,88,78,109,81,57,114,113,98
102,104,109,115,80,82,64,62,81,84,78,60,91,76,101,57,63,53,70,59,92,67,56,113,95,66,77,69,116,71,98,75,99,90,72,107,112,68,105,93,86,96,100,88,74,85,106,54,89,117,108,97,55,73,87,83,65,58,114,94,79,110,111,61,103
90,86,81,101,82,99,75,108,116,91,106,54,58,112,77,70,113,68,117,109,102,110,56,104,64,69,97,61,57,88,111,89,63,55,114,85,80,72,84,59,87,60,74,98,79,71,78,103,65,76,96,94,83,115,100,73,95,67,92,107,66,62,93,105
102,91,114,77,66,106,89,117,61,64,86,84,59,109,111,82,116,99,108,93,58,85,80,104,90,110,56,76,69,92,107,103,60,55,94,63,83,101,100,96,87,73,97,62,70,112,81,71,98,68,113,65,78,72,79,57,105,75,74,95,67,88,115
80,79,106,65,89,67,72,116,81,102,99,70,68,115,88,111,61,74,71,105,63,96,86,110,58,69,101,78,114,100,73,60,59,62,97,92,87,107,93,98,57,109,94,95,77,91,103,113,66,76,84,104,56,90,64,82,112,83,117,75,108,85
69,62,93,87,85,76,79,84,109,115,71,103,64,92,82,74,112,75,104,63,98,116,78,94,61,96,73,58,113,68,117,65,60,90,97,107,59,88,102,89,105,72,108,101,111,95,91,106,100,67,57,86,80,77,66,99,70,110,81,114,83
58,97,90,114,69,103,62,116,67,84,66,95,113,110,98,107,76,77,87,91,109,64,86,85,80,59,63,70,89,75,101,102,61,112,71,111,105,88,81,96,65,108,79,83,72,93,74,106,99,60,73,104,94,117,68,100,92,78,115,82
104,70,73,103,64,80,98,87,106,68,59,72,61,90,60,81,115,107,94,67,84,111,105,91,114,88,76,108,74,62,75,92,78,100,77,85,117,82,102,79,71,65,95,86,69,113,110,99,96,89,93,112,109,116,66,97,101,83,63
82,84,110,91,60,103,92,107,114,62,109,75,61,74,70,102,63,77,113,106,97,94,64,66,93,86,98,105,100,79,72,80,111,81,99,112,104,96,76,65,68,78,101,117,88,108,69,73,67,115,116,71,90,87,89,83,85,95
67,107,82,74,116,104,62,69,65,103,89,102,109,86,97,105,98,87,92,72,91,88,71,117,70,112,96,114,115,93,61,79,99,108,85,68,81,83,80,110,76,63,111,95,101,94,75,100,84,78,113,90,106,73,66,64,77
86,93,85,76,105,81,113,67,97,79,102,112,91,84,88,100,75,115,71,109,65,87,82,80,111,110,107,117,66,74,103,104,114,64,96,106,108,73,95,69,98,94,99,78,62,101,89,72,92,77,116,70,83,90,63,68
92,93,70,96,65,95,111,82,66,80,68,101,113,105,99,94,115,69,109,85,71,91,78,87,114,79,83,107,112,90,116,76,64,97,103,88,67,108,104,117,81,98,74,77,63,75,84,89,73,86,102,106,100,110,72
85,97,109,103,110,89,68,117,72,69,92,101,113,116,102,100,65,71,108,70,83,74,112,80,66,81,107,67,73,95,87,79,98,94,111,90,84,77,76,91,96,64,99,115,93,106,75,104,114,105,82,78,86,88
100,81,85,99,69,111,75,78,117,82,97,84,87,105,93,67,92,80,115,114,90,89,104,108,77,103,106,101,76,95,102,73,70,74,72,68,86,110,116,109,113,66,98,83,94,79,65,71,91,88,96,107,112
113,117,69,67,88,115,105,85,106,97,95,66,98,87,84,89,109,102,108,92,91,71,114,86,104,111,107,75,103,80,99,81,79,70,72,93,94,83,116,76,74,68,82,112,77,73,101,90,100,110,78,96
84,81,91,115,88,77,102,68,101,98,70,99,113,107,94,73,92,105,79,69,90,80,83,87,82,72,117,116,85,97,89,108,111,74,109,71,96,75,86,93,95,103,67,100,112,78,110,104,106,76,114
70,69,73,87,103,75,71,113,93,115,100,110,89,86,102,82,96,116,94,88,77,90,99,78,81,79,92,112,68,109,80,91,104,83,72,107,111,105,95,114,84,85,74,106,97,76,108,101,98,117
103,83,111,76,79,95,75,109,97,104,110,115,108,116,74,105,113,70,92,81,114,77,94,80,99,72,73,69,82,90,101,91,107,84,78,89,100,98,96,112,117,102,85,93,87,71,106,88,86
89,93,70,83,95,100,84,94,76,99,90,109,117,87,97,77,111,114,115,116,72,108,80,79,81,102,91,101,85,88,71,106,86,73,110,96,105,75,74,103,112,98,82,113,107,104,78,92
100,96,89,109,71,73,82,85,110,97,114,76,106,81,84,92,75,79,95,72,116,88,105,78,74,104,93,107,91,103,102,94,108,86,87,80,99,101,83,113,111,112,90,77,98,117,115
97,114,117,93,106,76,79,75,82,88,108,96,98,90,84,94,78,101,77,74,110,91,81,109,100,83,112,115,99,86,85,105,72,73,92,87,89,116,95,104,111,113,107,103,80,102
74,75,92,112,76,106,105,84,80,91,111,114,102,89,115,77,108,95,101,104,116,99,78,113,90,86,87,96,93,98,88,85,117,110,73,107,109,83,81,94,103,79,97,82,100
107,112,86,114,84,111,103,75,92,80,115,87,116,113,95,88,97,93,79,108,78,109,74,104,101,77,91,83,100,98,76,85,90,81,110,82,94,117,105,106,99,89,102,96
84,94,110,116,76,87,96,106,112,90,81,113,85,115,99,105,79,89,77,107,82,103,117,98,78,83,86,102,75,104,114,108,109,80,101,111,97,91,88,100,93,92,95
97,102,92,84,104,109,105,90,91,87,99,115,82,93,117,111,88,80,77,94,81,83,114,85,96,78,89,108,107,86,110,100,113,95,98,76,103,106,101,79,112,116
99,97,80,90,110,79,83,114,78,107,102,116,95,112,113,86,89,104,106,87,115,85,94,117,96,81,93,92,98,101,88,91,103,84,100,77,111,109,82,105,108
106,101,116,82,79,94,84,115,95,102,85,92,110,87,104,111,88,100,91,93,105,86,90,97,103,117,99,96,112,98,78,81,80,108,109,83,113,114,107,89
82,108,85,92,81,93,79,89,109,91,110,113,104,98,115,103,95,116,107,111,86,83,96,114,101,100,117,84,112,80,99,102,90,105,106,94,87,88,97
82,114,88,117,86,89,110,91,81,100,115,84,101,85,113,99,107,95,112,87,103,104,96,83,108,98,111,116,106,94,90,109,97,105,92,80,93,102
96,81,87,91,99,101,92,113,94,103,89,100,82,115,97,104,106,117,108,86,83,105,110,114,90,112,107,102,93,85,109,95,98,88,84,116,111
115,105,88,104,84,108,87,117,96,103,91,102,99,95,106,92,89,86,93,111,109,97,107,112,98,100,82,85,101,83,90,114,110,113,116,94
84,102,85,116,96,110,100,108,86,89,95,113,112,90,114,88,104,97,103,109,98,87,115,111,117,99,106,83,107,94,91,105,92,101,93
100,93,110,113,94,84,90,96,97,117,111,91,88,89,95,87,101,92,103,104,86,107,98,102,109,106,115,114,99,116,112,105,108,85
101,98,110,90,100,109,93,94,106,99,86,103,113,102,95,88,114,108,104,89,115,91,97,92,112,105,85,116,117,107,87,111,96
115,104,116,94,91,95,93,109,105,92,101,110,117,100,114,112,99,90,98,103,87,102,86,113,106,89,108,111,96,88,107,97
115,96,100,95,98,93,116,94,117,97,101,109,88,91,106,114,111,103,89,110,108,87,105,90,113,104,102,107,99,112,92
111,114,88,116,108,107,92,96,91,98,89,115,101,106,95,100,97,104,110,94,105,90,99,109,117,113,102,93,103,112
97,111,117,112,103,115,108,96,101,89,93,116,90,104,114,94,113,105,109,98,107,92,102,91,106,99,95,100,110
110,97,104,117,94,103,109,96,91,101,95,105,98,99,113,100,93,115,111,106,102,112,90,116,108,114,107,92
99,109,91,102,98,97,103,110,100,95,117,107,115,108,106,96,113,101,104,94,105,111,114,93,112,116,92
103,114,116,95,107,105,111,98,93,112,110,115,92,101,104,97,108,100,96,106,109,117,102,94,113,99
114,96,111,106,105,102,110,98,104,94,113,115,107,101,109,116,103,112,93,99,97,117,108,95,100
110,94,108,100,111,96,117,116,107,109,102,101,113,105,114,106,99,97,104,103,95,112,98,115
99,105,113,116,114,108,104,96,111,109,103,95,112,101,115,106,100,117,98,110,97,107,102
108,97,101,100,107,106,113,111,96,99,117,98,110,114,102,105,103,109,116,104,115,112
103,105,98,108,102,117,113,100,109,115,104,112,116,107,106,97,110,111,114,99,101
109,108,98,111,116,101,106,105,107,117,102,110,112,104,103,115,100,114,113,99
103,106,117,112,113,115,111,104,102,116,114,107,108,110,109,99,105,100,101
104,116,112,106,103,115,107,108,114,101,117,105,111,110,100,113,109,102
103,102,115,107,117,113,116,108,112,111,101,109,104,105,110,114,106
111,103,116,102,106,114,110,107,115,108,112,109,113,105,117,104
108,111,103,107,110,114,115,106,117,113,105,109,112,104,116
108,115,106,110,107,104,116,109,113,117,112,111,105,114
107,116,111,117,105,109,110,115,112,113,108,106,114
107,117,114,111,116,109,110,112,108,106,115,113
114,112,115,113,107,117,109,108,116,111,110
114,117,115,110,116,108,113,111,109,112
111,116,114,113,112,110,117,115,109
116,110,111,117,112,114,115,113
117,113,114,115,111,116,112
115,117,112,116,114,113
116,114,113,115,117
115,116,114,117
115,117,116
117,116
117

89
Hazel Grove,53.38,-2.12
Solva,51.87,-5.20
Shabbington,51.75,-1.03
Chapel En Le Frith,53.32,-1.90
Llandow,51.45,-3.52
Lochcarron,57.40,-5.50
Barkisland,53.67,-1.92
Houghton Regis,51.90,-0.52
Earsham,52.45,1.42
Tumble,51.78,-4.11
Great Mongeham,51.20,1.37
Dartford,51.45,0.22
Newtownstewart,54.72,-7.40
Chipping Campden,52.03,-1.78
Newbury,51.40,-1.32
Braunton,51.10,-4.18
Gargunnock,56.12,-4.08
Kingcoed,51.75,-2.83
Inworth,51.82,0.73
Cranagh,54.78,-7.08
Upton Magna,52.70,-2.65
Redcastle,57.52,-4.53
Halfway,51.97,-3.70
Ottery Saint Mary,50.75,-3.27
Hapton,53.78,-2.32
Cotham,53.02,-0.82
Hallin,57.53,-6.60
Axford,51.18,-1.12
Rustington,50.80,-0.50
Antingham,52.85,1.35
Auchtertool,56.10,-3.25
Llanelwy,53.27,-3.45
Arnside,54.18,-2.83
Royal Tunbridge Wells,51.13,0.28
Sea Mills,51.48,-2.65
Llannon,52.28,-4.18
Bitchfield,52.83,-0.52
Thornborough,51.98,-0.92
Abbots Ripton,52.38,-0.18
Naseby,52.38,-0.98
Coton,52.20,0.07
Pewsey,51.33,-1.75
West Dean,50.90,-0.77
Aberlady,56.00,-2.85
Shenley Church End,52.02,-0.78
Horsford,52.68,1.25
Straid,54.75,-5.93
Killingbeck,53.80,-1.48
Immingham,53.60,-0.22
Ditchling,50.92,-0.10
Begelly,51.73,-4.73
Binegar,51.24,-2.54
Ebberston,54.22,-0.60
Hele,50.82,-3.43
Cauldon,53.03,-1.88
Grainthorpe,53.47,0.08
Burton Overy,52.57,-1.00
East Worldham,51.13,-0.92
Oldhamstocks,55.92,-2.42
Full Sutton,53.98,-0.87
Broad Town,51.48,-1.87
Chatterley,53.07,-2.23
Little Cowarne,52.17,-2.58
Humshaugh,55.03,-2.13
City Of London,51.51,-0.09
Holywell,53.28,-3.25
Fivemiletown,54.38,-7.30
Steyning,50.88,-0.33
Luxborough,51.13,-3.47
Barvas,58.35,-6.50
Trotterscliffe,51.30,0.35
Llansannan,53.17,-3.60
Bircotes,53.42,-1.05
Stonnall,52.63,-1.90
Peterchurch,52.03,-2.95
Burnley,53.80,-2.23
Vange,51.55,0.47
Cawthorne,53.57,-1.58
Staple Fitzpaine,50.95,-3.05
Yelden,52.28,-0.50
Strangford,54.37,-5.50
Kirkoswald,55.32,-4.77
Mynyddislwyn,51.64,-3.17
East Bradenham,52.63,0.85
Market Weighton,53.87,-0.67
Greenhithe,51.43,0.30
Morecombelake,50.73,-2.85
Navestock,51.64,0.22
Shotwick,53.23,-3.00
74,13,16,38,83,77,82,52,62,89,61,47,60,78,32,72,70,85,64,71,26,49,24,68,6,22,45,81,25,11,73,48,75,57,50,43,5,34,58,9,67,86,3,27,42,28,84,17,54,2,14,55,44,37,20,87,88,46,8,80,63,66,23,41,36,40,19,56,53,30,79,65,69,35,39,29,76,10,51,7,15,18,21,4,12,33,59,31
30,20,13,81,69,62,82,72,61,40,29,75,7,3,66,88,87,46,67,59,26,37,76,23,42,47,21,31,15,43,6,51,27,8,22,55,58,77,32,80,35,71,28,25,19,16,50,74,45,63,5,18,84,78,33,41,36,54,60,9,24,17,53,89,56,49,85,83,38,73,79,52,14,4,65,39,11,64,48,68,10,34,57,70,12,44,86
80,30,44,28,36,68,66,77,53,35,37,20,9,18,72,10,11,56,71,85,4,41,84,81,38,73,45,34,12,42,27,62,43,32,26,51,55,87,57,25,33,54,60,70,48,7,74,58,61,6,63,46,31,16,89,76,24,75,17,23,86,13,15,50,59,14,22,21,83,29,65,69,88,5,40,52,67,19,39,47,78,82,49,79,64,8
45,68,71,53,17,51,5,9,50,39,48,64,41,21,76,85,47,24,84,43,40,52,29,10,67,66,42,7,26,60,32,70,36,12,46,20,62,11,73,79,58,25,82,27,69,77,18,14,54,28,55,19,81,8,88,59,34,35,72,87,38,33,22,75,74,6,65,23,57,16,80,31,44,49,15,89,78,37,30,63,13,83,86,56,61
89,38,33,86,18,16,72,24,12,76,21,42,88,35,66,27,54,69,78,22,70,10,44,39,82,49,58,57,29,80,62,71,75,53,17,83,13,56,19,81,34,9,79,50,41,36,15,77,60,52,20,87,74,26,40,48,61,32,65,7,73,67,23,25,84,47,46,55,59,63,64,37,45,8,6,28,30,31,51,68,14,43,85,11
61,32,22,74,88,60,7,45,64,20,36,50,81,71,58,9,14,73,35,16,38,12,48,43,52,25,76,84,79,15,23,75,10,78,85,30,41,54,59,77,11,8,82,65,28,42,49,31,83,86,26,17,13,27,89,37,18,39,68,63,34,55,44,69,46,33,87,66,47,51,19,53,72,29,57,21,62,24,80,67,56,40,70
24,51,13,57,29,46,89,22,27,14,41,73,47,85,9,39,40,82,79,10,61,12,84,18,59,62,50,33,48,80,45,74,68,55,70,52,8,49,76,71,65,66,25,20,36,32,42,37,77,87,21,17,75,35,19,34,53,28,43,54,81,88,44,72,15,60,56,67,64,16,78,86,38,83,63,58,26,69,30,31,23,11
52,61,9,67,37,64,36,13,24,43,10,27,87,77,44,74,81,34,62,18,46,69,33,76,45,15,49,41,40,65,31,51,55,29,53,56,30,54,22,11,57,88,82,78,59,17,16,71,70,80,50,85,38,39,66,23,84,26,60,63,21,72,75,47,86,73,20,14,35,25,68,28,42,83,12,19,32,89,58,79,48
61,20,88,67,56,39,77,76,45,68,47,22,13,81,36,17,27,44,16,57,48,84,42,64,80,26,19,52,29,87,72,65,74,49,59,70,79,55,53,40,38,75,82,14,51,50,73,86,85,31,54,63,66,33,21,58,30,25,28,10,34,18,43,35,46,89,15,60,24,32,41,11,37,69,83,23,78,12,62,71
26,49,48,58,44,52,83,54,85,19,61,55,59,80,36,72,30,46,84,88,70,14,42,60,32,17,22,69,25,11,71,81,87,57,78,76,38,43,13,18,62,79,77,68,75,56,31,65,16,35,37,29,63,34,24,86,73,50,82,51,66,12,74,39,33,28,89,45,27,67,40,47,23,20,21,64,15,41,53
17,81,34,56,31,16,15,39,85,86,55,64,87,54,36,52,83,35,40,20,75,53,43,63,59,13,27,78,67,45,37,50,58,41,14,66,28,65,29,77,76,21,12,46,23,48,60,69,19,72,49,44,74,73,42,24,80,18,22,68,57,33,38,82,30,84,79,89,47,51,88,26,25,70,62,32,61,71
73,30,35,42,89,17,27,69,74,26,49,72,22,45,54,29,34,70,20,80,43,55,31,33,76,61,14,85,57,86,58,64,50,88,23,79,59,75,15,19,82,67,46,87,36,83,53,41,52,16,84,78,62,56,66,51,60,32,25,47,81,28,71,77,21,48,44,18,40,39,68,38,65,63,37,13,24
23,40,60,27,39,43,52,70,67,83,26,51,44,49,36,69,32,31,56,62,16,65,46,48,76,30,88,41,17,25,61,33,45,53,29,73,78,38,57,21,79,22,71,86,47,15,37,54,20,34,77,24,84,19,87,80,35,64,81,28,14,58,59,42,82,50,18,85,74,63,89,75,68,55,72,66
68,41,48,16,83,46,44,18,47,87,54,51,86,72,89,42,63,49,19,15,61,52,88,67,28,40,84,71,56,35,33,58,62,50,82,20,74,57,21,25,17,22,38,76,34,81,75,30,23,53,26,64,77,65,24,43,45,32,27,60,36,66,78,80,59,69,85,39,79,70,29,37,55,73,31
82,35,69,42,55,20,46,62,80,26,63,60,72,58,24,86,83,65,87,52,37,43,29,77,78,53,66,89,88,30,45,73,48,49,16,54,64,32,70,68,61,74,76,44,23,81,22,17,18,31,27,57,75,19,36,85,28,33,21,50,71,56,41,67,25,51,84,38,40,79,34,59,39,47
59,38,37,58,70,81,83,72,52,40,85,49,69,71,47,66,26,75,89,23,78,53,18,31,80,41,50,43,44,87,36,21,25,30,20,29,82,24,39,28,73,46,54,79,65,77,76,51,22,48,67,88,33,84,35,57,32,17,68,42,86,19,34,63,62,60,45,61,64,74,55,56,27
83,55,62,68,87,59,19,42,34,67,73,76,84,82,86,61,25,72,50,30,85,89,63,81,78,29,88,53,32,65,80,21,45,18,52,20,69,47,64,38,48,79,27,56,57,31,58,54,37,75,51,26,66,49,71,35,44,36,60,40,70,77,23,28,39,46,41,43,22,33,74,24
61,43,67,27,29,81,47,54,23,22,85,25,44,51,41,84,48,35,62,52,79,53,20,89,46,45,63,77,64,37,68,56,19,83,39,38,31,59,69,34,57,71,74,75,70,80,28,87,30,24,36,58,42,55,82,88,50,40,26,21,32,76,33,49,72,60,66,86,65,73,78
20,59,69,46,28,61,66,50,45,49,70,37,34,29,74,63,44,82,77,71,67,48,36,40,56,43,79,75,26,42,55,58,60,83,30,81,51,64,89,31,25,87,62,54,72,22,27,86,33,57,53,88,73,39,68,84,35,38,23,80,65,24,47,76,52,21,85,78,32,41
86,40,66,87,52,33,73,48,64,44,27,38,63,54,26,43,60,70,31,23,76,46,42,50,22,41,56,89,78,58,82,35,71,28,25,62,61,57,30,21,59,36,37,68,81,24,74,69,34,88,85,84,39,49,79,65,67,77,32,80,51,55,53,75,83,45,72,47,29
62,77,45,56,34,85,43,41,24,23,46,25,52,28,65,80,68,79,89,27,87,32,35,61,73,60,88,82,53,64,50,81,49,78,29,84,51,26,86,38,57,72,42,76,63,44,59,58,33,30,66,36,37,31,40,54,83,69,70,71,22,74,55,48,75,67,47,39
48,26,55,83,28,78,49,39,30,61,40,79,29,24,46,73,56,80,53,47,66,59,75,54,58,35,77,85,57,88,45,60,71,37,65,36,33,44,50,67,32,51,52,89,76,38,25,70,41,27,87,82,81,43,68,84,62,34,69,72,86,74,63,64,23,42,31
42,52,77,47,73,87,70,53,50,32,30,54,82,65,76,51,69,39,37,58,48,36,60,33,61,88,80,26,62,49,89,29,83,59,66,43,78,68,57,63,35,25,24,38,41,31,67,79,56,64,27,84,28,44,40,85,34,86,74,75,72,45,55,46,71,81
44,75,42,45,69,25,85,62,43,53,51,64,80,40,34,70,63,58,52,37,81,26,29,56,72,50,87,66,89,47,86,76,78,28,54,73,88,41,38,82,30,57,31,59,79,71,35,46,49,67,39,36,74,84,27,77,60,33,55,48,32,61,65,68,83
65,89,37,38,70,81,69,51,46,41,75,61,72,40,84,63,52,47,73,78,50,53,36,79,55,54,43,48,83,32,29,39,49,64,76,57,88,28,26,68,58,35,45,31,66,80,77,71,85,33,87,42,34,67,86,30,27,82,60,62,44,59,56,74
35,78,89,29,69,61,80,49,87,27,30,62,41,34,53,45,51,55,76,88,39,82,73,83,65,63,66,64,77,70,46,32,44,43,47,74,40,58,56,81,31,60,79,54,28,48,36,57,33,52,37,38,72,50,86,75,71,59,85,67,84,68,42
87,61,82,80,83,75,29,54,69,62,57,45,42,73,28,40,48,56,88,78,38,76,71,64,49,37,53,89,67,50,68,65,55,81,34,35,46,47,84,32,44,39,63,51,33,36,31,59,85,86,72,43,60,58,52,41,70,66,74,79,30,77
72,31,55,81,74,45,50,49,82,57,80,86,33,60,46,29,30,56,73,84,52,47,43,88,87,37,79,38,35,66,34,76,53,89,32,58,65,36,51,48,77,75,64,70,67,68,85,41,61,40,78,54,83,42,69,39,71,59,62,63,44
39,53,78,77,33,69,66,41,59,57,51,81,30,86,65,83,54,42,46,60,34,49,79,43,45,75,40,63,47,71,89,38,87,80,37,48,56,62,44,70,50,55,73,58,64,72,52,35,76,32,68,31,74,67,61,88,84,85,82,36
51,75,34,31,68,59,32,45,54,41,69,50,71,88,42,62,79,78,57,44,74,81,76,48,85,55,87,70,47,61,67,37,66,72,64,35,73,49,38,82,36,56,46,60,40,65,33,84,63,83,89,58,86,43,77,39,53,80,52
53,34,75,36,79,89,67,69,46,86,59,81,60,72,73,49,85,41,50,47,45,62,78,37,83,42,43,74,65,87,84,70,54,88,68,39,82,35,40,66,80,57,48,33,64,32,76,77,58,63,44,52,61,38,55,51,71,56
56,84,34,44,48,49,88,43,41,65,37,55,50,36,80,45,71,82,40,60,47,85,66,70,33,68,77,72,76,51,62,87,57,54,67,39,74,58,73,59,63,61,42,35,75,46,69,52,81,38,78,86,64,83,89,79,53
89,40,76,49,50,65,70,68,86,64,84,38,74,88,78,69,73,37,62,77,80,35,58,83,53,82,87,36,47,72,71,46,55,42,85,43,79,67,45,66,63,75,56,44,34,48,59,54,61,51,57,52,81,60,39,41
80,52,74,47,54,37,43,44,49,66,36,88,62,60,79,72,35,56,39,86,84,61,82,78,53,41,58,83,77,46,65,51,71,89,48,50,42,76,55,64,57,70,73,85,68,67,45,59,81,38,63,87,40,69,75
76,66,51,46,71,82,75,42,61,78,36,83,39,72,87,48,80,38,49,57,55,59,40,69,58,50,56,67,60,44,62,64,88,77,54,86,65,37,79,89,52,70,85,53,47,84,73,81,68,63,45,41,74,43
38,47,87,69,83,60,79,46,88,58,77,54,50,55,49,44,86,65,81,40,59,73,43,89,45,61,63,68,82,74,70,71,72,41,78,62,84,42,48,51,52,67,85,64,56,53,57,75,76,66,80,37,39
54,52,67,42,77,59,66,65,86,83,84,80,49,50,56,74,43,81,55,71,51,72,78,60,57,58,82,73,63,39,75,89,87,64,85,40,69,53,47,61,62,79,44,76,41,68,38,45,88,46,70,48
47,84,75,76,45,86,58,88,57,51,71,46,79,48,52,72,56,83,54,69,67,60,73,42,63,65,66,49,62,87,81,53,74,55,41,43,40,82,64,70,61,44,80,39,59,68,89,77,50,85,78
66,79,78,67,71,80,49,88,47,84,75,53,72,43,69,81,89,63,44,45,62,77,86,51,68,60,82,55,61,64,48,74,58,76,41,85,52,50,73,87,54,57,70,56,83,59,42,40,65,46
70,65,68,79,56,81,45,63,58,48,82,61,51,44,86,69,52,67,43,46,54,71,66,57,59,47,55,49,53,64,42,62,85,84,89,74,78,87,75,77,83,76,41,50,73,60,80,72,88
58,79,54,72,60,50,85,47,61,83,45,67,70,48,53,69,76,57,71,51,49,66,68,82,59,86,88,55,74,44,62,65,46,78,56,77,84,64,63,87,52,80,42,89,75,73,81,43
65,81,43,61,80,58,59,74,75,53,88,51,72,50,77,44,55,54,87,60,48,68,73,85,56,71,76,79,64,52,62,46,86,47,66,69,83,78,84,49,70,45,82,67,57,89,63
78,72,63,83,54,69,64,70,61,85,82,68,44,66,45,49,53,60,75,52,50,65,73,58,57,62,48,56,89,87,74,77,59,46,80,84,81,47,67,86,79,55,88,51,71,76
71,79,89,84,77,59,50,60,61,53,55,48,52,64,51,67,73,54,58,76,63,57,49,82,80,69,83,87,88,47,45,62,70,65,46,74,85,86,56,66,81,78,72,68,75
73,63,87,65,48,55,81,64,86,89,76,80,62,58,56,88,57,75,71,72,67,70,49,82,61,47,53,52,77,46,83,50,60,79,78,68,51,54,69,84,74,85,59,66
54,64,47,81,84,63,48,75,55,73,89,82,61,85,88,58,72,51,49,50,80,65,53,86,71,77,70,57,56,62,76,68,69,59,74,67,83,87,52,78,66,79,60
52,59,62,75,79,50,64,63,74,87,67,69,48,68,60,80,76,49,51,65,78,53,70,82,73,66,72,54,57,88,71,55,58,84,89,61,81,83,77,56,85,86
62,51,70,88,55,89,54,74,61,56,69,66,78,58,49,57,50,71,84,83,59,52,79,60,80,64,85,86,63,72,75,87,77,53,82,73,65,81,68,67,76
75,79,56,82,60,55,85,59,65,54,51,81,52,63,78,76,72,61,87,70,80,73,69,88,50,53,68,83,57,86,89,74,77,58,64,62,67,71,66,84
82,55,61,60,69,65,73,58,78,80,62,77,79,89,66,87,83,67,84,51,63,64,68,75,72,86,76,53,70,81,59,56,85,71,74,52,54,57,88
58,79,55,61,68,60,82,77,85,80,89,83,59,52,86,64,57,53,73,81,70,75,78,84,71,69,67,74,87,63,65,54,56,88,66,76,72,62
73,71,72,53,85,66,62,78,69,80,60,77,76,82,84,56,74,88,89,55,57,58,70,75,54,59,86,65,63,67,83,81,79,61,87,68,64
79,84,89,73,55,83,70,63,75,56,61,66,60,82,88,87,81,59,86,77,85,64,65,74,58,57,68,72,69,67,71,62,76,78,54,80
77,66,74,63,76,56,57,82,84,78,81,65,61,59,60,71,75,64,73,85,72,68,86,88,87,62,55,58,80,79,67,69,70,83,89
59,73,82,75,71,62,87,68,85,78,60,66,80,84,88,67,86,89,76,70,79,61,65,57,58,81,74,72,63,69,64,56,77,83
63,71,72,64,76,75,77,83,58,57,73,69,61,74,70,59,85,66,62,88,86,78,81,67,80,89,84,68,82,79,87,65,60
87,83,82,64,81,68,88,60,76,79,73,89,75,59,77,65,72,67,78,66,74,71,86,85,62,84,63,80,69,58,61,70
79,70,89,62,77,72,60,86,64,61,85,84,59,82,63,80,66,88,76,73,75,68,83,81,71,67,87,65,78,74,69
82,84,75,67,79,66,78,87,62,89,63,85,72,60,71,77,88,68,86,73,74,61,70,83,64,65,69,80,76,81
75,66,78,85,70,61,88,65,73,67,81,79,86,76,83,74,72,62,80,71,89,68,84,87,77,64,82,69,63
68,81,85,83,86,87,64,73,69,80,71,63,66,88,84,67,89,65,70,77,74,78,72,62,82,79,75,76
83,69,75,79,87,74,82,68,78,72,89,71,73,64,70,81,66,86,88,65,77,67,76,84,63,85,80
81,69,67,70,64,73,66,82,86,79,84,74,76,68,78,65,89,87,77,88,83,85,72,71,80,75
67,79,82,65,89,80,84,83,70,86,77,81,75,73,76,66,69,72,87,74,78,68,71,85,88
69,86,70,75,80,72,83,84,74,66,68,87,73,79,71,78,76,77,88,82,85,89,67,81
71,89,86,88,74,83,77,85,73,79,75,72,68,87,81,80,69,78,76,84,70,67,82
84,72,82,76,88,80,70,78,79,77,87,81,69,89,85,86,73,83,74,71,68,75
73,81,79,84,72,69,89,78,85,83,76,86,74,70,87,82,88,75,71,80,77
83,72,76,80,70,87,84,71,89,74,78,82,73,86,81,88,75,85,77,79
73,86,89,71,88,78,84,87,80,77,76,83,81,85,79,82,75,74,72
78,86,83,87,85,77,89,88,73,76,74,84,82,75,81,80,79,72
84,88,83,86,79,82,89,73,85,75,87,74,78,76,80,77,81
81,80,77,75,74,83,86,84,78,85,76,89,88,82,87,79
78,87,75,85,86,77,88,79,83,82,84,89,76,80,81
85,80,79,89,87,82,84,81,76,88,77,78,83,86
80,89,78,85,83,86,88,81,79,82,87,77,84
80,84,88,86,81,82,85,78,89,87,83,79
88,89,84,85,87,79,86,83,80,81,82
82,87,86,89,84,88,85,80,83,81
88,85,81,82,84,89,86,87,83
86,89,82,84,83,87,88,85
85,89,88,86,87,83,84
89,86,87,88,85,84
87,85,88,86,89
87,86,89,88
89,87,88
88,89
89

