104
Minard,56.12,-5.25
Huttoft,53.25,0.27
Lanteglos,50.33,-4.62
Erith,51.48,0.20
Wervin,53.23,-2.87
Syderstone,52.85,0.72
Lower Stonnall,52.63,-1.88
Aisholt,51.11,-3.15
Veryan,50.22,-4.92
Thurgarton,53.03,-0.97
Tredunnock,51.65,-2.90
Cleckheaton,53.72,-1.72
Gorleston,52.58,1.72
Stoke Goldington,52.12,-0.77
Kirkby Malzeard,54.17,-1.65
Ewelme,51.60,-1.07
Great Wilbraham,52.18,0.25
Luddesdown,51.37,0.40
Bartlow,52.08,0.32
Odiham,51.25,-0.93
Great Tew,51.95,-1.42
Llanstadwell,51.71,-4.97
Broughty Ferry,56.47,-2.87
Colwall,52.08,-2.38
Thorne,53.60,-0.97
Ballyward,54.27,-6.03
Enoch,54.85,-5.12
Hykeham,53.18,-0.58
Barbon,54.22,-2.57
Kirtlington,51.87,-1.27
Stoke Lyne,51.93,-1.17
Exning,52.27,0.35
Coddenham,52.13,1.12
Quarrington,52.97,-0.42
Bretton,53.62,-1.57
Woolston,51.97,-2.07
Gedling,52.97,-1.08
Aston Cantlow,52.23,-1.80
Sturmer,52.07,0.48
Eastry,51.23,1.30
Cove,57.85,-5.70
Stuston,52.35,1.13
Bulkworthy,50.90,-4.30
Gaerwen,53.20,-4.27
Crawfordjohn,55.48,-3.77
Little Baddow,51.73,0.57
Warter,53.93,-0.67
Yarpole,52.28,-2.78
Outwell,52.62,0.23
Bramerton,52.58,1.38
Llanuwchllyn,52.87,-3.67
Gracefield,54.73,-6.55
Baumber,53.25,-0.17
Horninghold,52.57,-0.80
Portavogie,54.45,-5.45
Empshott,51.07,-0.92
Carryduff,54.50,-5.93
Aberkenfig,51.54,-3.60
Calton,53.03,-1.85
Newarthill,55.80,-3.93
Navestock,51.64,0.22
Wonersh,51.18,-0.53
Dunfermline,56.08,-3.47
Rayleigh,51.58,0.62
Great Wishford,51.12,-1.88
Claybrooke,52.48,-1.27
Balbeggie,56.43,-3.35
Hamworthy,50.72,-2.00
South Wheatley,53.35,-0.85
Great Baddow,51.70,0.50
West Hythe,51.07,1.05
South Perrott,50.87,-2.75
Truro,50.26,-5.04
Old Town,50.77,0.25
Leslie,57.30,-2.67
North Queensferry,56.00,-3.40
Totteridge,51.63,-0.20
Ullesthorpe,52.47,-1.25
Abram,53.52,-2.58
Shelford,52.97,-1.02
Kingsdown,51.18,1.40
Blencow,54.67,-2.85
Moorfields,54.82,-6.15
Dingwall,57.60,-4.45
Oakley,56.07,-3.55
Berrynarbor,51.20,-4.07
Hernehill,51.30,0.97
Llangynin,51.85,-4.54
Fala,55.83,-2.88
Upper Winchendon,51.82,-0.92
Claxby,53.43,-0.32
Tynemouth,55.02,-1.45
Faldingworth,53.35,-0.40
Kirklington,53.10,-0.98
Seascale,54.38,-3.48
Stratford,52.18,-1.70
Beckbury,52.62,-2.35
South Pickenham,52.60,0.75
Wetton,53.08,-1.83
Stathern,52.85,-0.85
Todmorden,53.72,-2.08
Ammanford,51.79,-3.99
Horndean,55.73,-2.17
Sale,53.42,-2.30
42,14,70,24,19,47,78,104,2,103,32,21,27,59,64,73,87,63,79,52,65,49,89,15,74,33,71,30,55,97,9,57,29,56,86,85,91,17,38,41,34,26,72,10,67,37,8,77,95,53,40,16,69,66,50,68,83
88,40,98,51,93,102,79,103,97,14,11,23,96,13,60,24,99,80,52,54,25,90,63,87,18,74,41,17,50,27,3,28,104,81,26,29,91,22,32,12,92,53,78,9,31,48,6,85,67,33,101,55,43,73
90,55,9,29,66,10,7,85,98,101,45,51,35,25,34,40,11,86,83,75,82,59,26,84,94,19,65,103,4,95,100,58,21,68,5,41,87,32,88,22,102,72,33,52,30,71,67,37,93,15,23,36,48,74,53,14,12,78,79,16,38,49,89,99,31,44,46,91,6,73,96,92,57
60,10,29,58,39,17,14,36,55,91,102,37,87,56,48,19,43,35,7,13,84,81,8,15,47,104,99,82,88,86,6,72,69,83,68,52,66,12,28,70,45,62,11,89,20,85,57,98,25,96,46,30,95,49,73,24,97,27,74,44
84,72,41,13,53,69,94,10,23,93,47,79,96,9,91,86,11,20,27,12,30,99,28,45,60,68,74,87,6,7,95,33,101,85,88,36,8,56,31,65,18,37,57,16,25,64,22,78,43,58,83,73,55,14
103,101,98,9,37,41,29,24,32,35,10,27,56,15,43,82,99,66,30,86,22,20,70,54,57,53,94,72,55,18,65,23,17,46,74,33,45,90,63,47,48,84,100,39,64,44,19,52,58,21,34,81,79,26,49,8,68,87,61,51,88,92,71,69,31,77,60,40,25
38,69,60,91,54,17,37,20,65,104,92,97,22,78,30,94,42,14,25,74,87,53,70,67,100,86,99,52,61,33,88,66,103,11,57,8,77,13,34,85,90,68,10,19,9,95,63,16,50,62,31,49,23,47,29,71,56,51,79
70,16,37,30,47,102,40,15,91,98,11,44,78,63,36,66,95,100,77,27,79,67,85,43,80,45,9,28,24,103,83,26,54,42,65,97,87,55,94,50,73,35,56,53,22,62,60,31,82,39,84,72,33
23,25,24,80,56,96,19,21,22,43,42,68,76,33,17,49,10,81,18,46,77,50,31,73,104,14,57,72,52,103,85,69,35,71,70,97,66,82,89,27,78,54,40,88,34,83,84,74,51,48,60,65,12,79,100
92,74,104,96,42,60,41,56,24,25,91,27,75,34,78,37,54,45,89,26,64,17,73,46,80,20,95,40,33,77,21,15,72,93,36,62,48,90,88,50,68
51,97,92,77,79,61,48,62,95,100,41,56,28,29,40,17,78,65,94,98,87,21,53,99,34,45,74,27,66,73,69,50,38,63,88,96,59,75,82,83,26,33,68,102,25,81,67,101,64,24,93,13,30,23,55,104,86,80,35,20,44
19,97,92,23,76,83,102,44,57,78,39,70,85,54,22,68,48,82,87,40,61,20,79,77,66,69,80,89,24,95,71,84,34,67,99,26,15,104,27,60,45,35,53,33,62,91,42,55
29,35,83,75,60,88,74,79,58,32,90,95,17,69,64,40,91,94,101,19,66,26,22,15,42,63,71,28,67,31,70,18,37,23,38,96,97,20,44,30,24,99,57,85,53,48,27,93,82,98,43,50,61,81,104,80,47,92,78,25,77
63,85,32,95,43,98,16,22,72,67,84,102,88,54,23,78,80,47,41,89,66,38,49,26,53,52,45,65,87,69,57,44,18,29,90,100,27,59,42,51,61,48,35,36,20,73,70,104,75
46,39,100,55,74,79,25,65,94,42,24,22,59,44,72,33,67,61,36,18,58,101,84,63,31,50,90,49,95,89,45,16,40,64,82,43,47,37,48,62,85,20,68,99,52,83,27,103
96,44,38,24,102,31,40,78,83,39,71,89,55,28,52,94,35,62,84,20,47,36,75,46,85,22,92,95,80,73,77,59,76,63,101,90,81,74,86,69,25,49,17,97,27,30,57
103,89,87,76,25,47,78,91,86,101,59,85,36,35,22,21,79,50,42,44,38,30,64,27,96,19,102,99,82,18,51,41,23,67,72,39,100,70,40,20,77,81,88,75,54,34,65,46,97,90,53,48,49,45,83
41,27,103,68,100,23,58,93,39,43,51,30,63,42,59,19,55,102,25,75,88,35,98,60,29,95,72,31,78,28,65,20,92,74,52,49,94,53,64,69,86,91,32,61,104,83,87,47,67,22,38
33,61,41,79,56,22,60,40,83,70,74,101,84,82,26,76,75,57,85,32,99,37,62,68,86,81,47,87,104,58,43,34,64,88,52,42,39,29,45,67,38,28,65,72,97,49,100,24,25,21,20,91,59,78,35,93,31
68,24,31,63,67,89,51,50,61,72,44,102,75,78,52,30,98,34,48,37,76,46,87,90,57,40,55,25,27,77,58,62,23,94,41,54,101,84,80,86,100,59,56,97,45,28
51,100,44,55,41,24,84,78,52,62,54,26,30,72,53,73,88,34,76,74,46,97,82,38,96,89,92,104,56,31,35,80,103,98,28,32,50,49,22,47,37,42,79,43,86,60,71,91
82,45,86,53,28,60,26,66,46,91,97,74,96,62,90,78,39,57,25,81,75,101,51,95,44,63,40,37,77,98,76,35,55,27,92,49,85,61,33,47,52,79,58,68,100,87
84,42,26,95,67,104,76,69,74,92,57,49,63,91,36,35,82,70,66,102,79,103,73,54,77,25,86,55,41,88,52,48,53,68,100,37,64,46,61,96,93,43,31,30,62,56,32,78,94,83,45,59,97,65,71
61,85,59,72,76,41,94,40,98,99,100,38,65,80,48,32,101,49,97,44,75,88,81,34,31,93,89,37,39,96,45,52,67,53,50,79,43,77,92,102,82,60,104,70,63,62,64,36,91
31,74,50,57,94,51,85,64,54,55,103,48,75,60,44,93,42,69,47,26,33,45,86,38,80,90,78,49,88,72,39,83,95,43,92,46,29,100,104,52,71,68
56,98,102,70,97,99,91,36,92,51,35,94,32,59,31,88,87,83,49,100,77,69,34,68,42,74,82,76,27,57,73,41,43,71,66,78,45,104,52,40,63,67,85,48,54,28
98,65,94,75,85,64,54,62,45,50,56,60,104,91,55,83,51,46,29,88,69,96,77,87,103,34,101,37,33,89,42,99,67,38,66,74,73,28,102,49,97,70,71,79
79,101,91,73,31,57,52,53,100,98,49,63,54,103,88,75,56,41,39,89,58,44,30,92,55,46,76,50,70,47,64,68,42,77,80,40,66,48,72,33,102,69,96,97,99,83,94,60
95,91,31,68,66,73,89,101,33,64,39,42,49,38,69,76,40,56,79,60,52,67,45,58,61,36,55,103,99,82,48,59,80,37,92,41,84,94,100,63,34,102,98,75,74,83,78,88,43
46,88,68,55,75,60,49,63,47,90,87,77,59,92,43,81,73,50,93,58,65,33,98,84,76,100,64,91,66,78,56,69,82,61,83,74,41,39,38,57,89,35,40,62,36,53
62,73,48,74,41,61,37,89,59,58,103,35,100,99,52,85,33,72,94,87,84,53,75,83,69,91,101,98,43,51,78,92,96,46,65,39,67,71
36,104,34,87,33,99,66,71,39,95,37,48,60,55,86,56,94,68,58,78,35,93,98,73,96,47,45,74,89,91,53,100,77,72,85,81,97,42,49,80,92
82,102,53,43,45,86,64,70,93,69,73,51,100,56,48,57,49,92,90,41,77,55,85,98,63,81,54,34,97,50,42,59,84,40,78,58,74
67,40,77,62,104,65,69,48,70,98,88,102,37,43,42,71,50,99,41,53,52,44,103,101,36,64,55,89,85,96,82,46,39,35,76,86,45,80
42,81,44,40,94,68,82,39,102,79,49,64,63,89,56,54,62,48,88,73,46,53,66,75,72,95,55,84,101,86,77,37,70,60,45,59,67,74,104
96,99,61,73,47,92,85,55,101,52,95,86,64,50,42,65,103,77,94,76,81,80,37,41,93,59,70,43,51,78,89,79,104,102,84,100,83,45,97,38,63,57,75,98,56
74,103,42,69,61,75,63,58,60,59,93,84,99,76,81,72,62,46,90,43,85,38,57,79,50,88,92,56,51,53,87,65,49,83,80,67,102,66,95,104,48,98
54,59,70,100,90,95,91,78,80,42,55,53,62,79,89,77,98,102,99,44,63,41,51,69,61,101,64,52,92,45,86,66,72,65,58,93,57,40
51,83,48,69,100,58,97,46,40,43,89,55,102,50,76,94,70,87,80,104,98,54,62,73,96,91,44,77,82,66,42,72
83,89,43,84,97,47,78,90,95,72,102,48,87,53,55,91,51,104,41,94,92,42,93,67,101,96,54,79,64,56,45,52,82,81,50,49
44,76,52,57,43,62,47,53,80,66,88,91,89,102,79,64,55,85,83,67,96,98,65,78,84,49,77,94,48,63,86,60,100,95,51,81
104,55,60,86,46,88,79,52,64,68,97,44,61,72,54,74,94,69,81,63,102,98,99,100,101,56,95,43,80,50,49,87,48,67,70,96,78,82,77,84,93,57
48,97,102,104,77,75,85,66,94,67,95,57,93,88,54,49,100,84,82,59,98,101,58,64,61,96,63,50,90,56,81,72,69,99,73,47,83,87,76
55,45,79,68,97,73,76,101,75,49,100,47,59,53,48,104,71,54,69,62,103,78,80,85,56,93,70,52,84,102,88,90,98,61,81,57
49,64,69,51,47,93,73,54,71,67,79,53,58,66,94,65,77,62,68,70,85,98,61,56,59,78,91,72,57,99,83,80,75,104,102,96,74,95,46,48,82
52,60,89,69,70,49,98,64,68,47,96,82,58,76,74,59,56,67,84,79,63,71,93,83,100,72,80,87,99,95,77,104,86,50
77,57,51,72,100,69,79,52,88,81,99,66,55,61,93,62,49,89,103,92,76,59,104,87,67,84,70,48,54,65,90,91,68,56,95,64
64,71,92,80,68,100,102,74,57,69,54,99,87,78,97,55,85,49,103,95,75,58,90,65,70,56,59,60,73,62,53,63,52
83,75,69,74,102,66,90,52,78,104,57,81,54,65,85,55,50,82,70,51,99,89,63,76,92,77,68,97
72,51,85,77,71,74,81,104,88,65,86,63,78,69,102,82,99,79,68,76,93,91,66,100,84,80,67,60,55,96,58,75,56,98,87,90,62,94,95
64,69,71,54,66,67,91,87,61,86,93,73,59,102,75,84,88,78,77,53,72,100,52,56,55,89,90
94,102,95,80,69,81,74,53,79,91,59,57,77,67,93,87,88,86,54,56,73,55,66,72,62,78,65,70,99,101
89,61,86,66,78,77,72,97,58,80,83,71,62,94,63,104,90,99,74,92,100,91,101,75,96,64,95,68,82,103,93
58,104,93,87,72,70,73,65,60,75,78,67,77,98,79,55,82,56,62,91,103,68,89,71,57,95,85,88,59
66,98,104,81,61,75,65,94,59,86,102,95,78,57,93,101,100,92,88,96,63,76,64,82,60,85,58,84,69,79,73,71
95,89,92,67,58,80,76,98,86,99,101,78,68,64,63,66,72,91,71,70,57,65,59,74
100,65,70,103,87,86,104,64,83,68,89,84,94,74,88,91,97,101,77,73,95,62,67,90,102,76,96,82,69,92
75,99,74,102,95,93,77,81,62,83,91,86,71,89,78,67,85,79,82,94,90,101,96,61,103,64,70,80,97
71,75,60,79,100,92,80,67,72,84,93,99,69,83,86,63,102,65,68,62,85,77,89,73,103,96
88,70,82,100,64,97,101,104,99,86,75,79,74,93,83,94,61,92,98,87,71,81,103,85,91,90,95,68,69
91,73,71,70,77,97,98,96,78,68,80,101,67,85,75,87,94,74,66,92,64,72,65,83,103,76,102
78,71,94,83,91,95,104,74,100,72,101,80,88,99,90,67,75,77,92,82,93,84,86,66,70
83,95,104,71,73,85,67,96,100,72,89,103,74,92,75,69,87,99,80,97,102,91,93,84,98
87,66,73,103,97,79,70,86,99,83,104,94,68,88,92,91,65,93,85,69,96,72,67,95
103,68,66,92,72,77,76,96,83,89,82,80,87,98,97,93,78,90,75,70,102,73,88,100,71,79,91
84,102,82,71,90,83,91,85,99,94,69,79,68,103,100,92,96,86,104,80,98,97,78,73,75
97,103,79,99,94,70,77,95,69,71,88,92,93,85,73,102,80,84,98,81,68,101
82,87,86,80,74,70,103,97,83,89,101,88,90,102,76,99,92,85,84
103,104,89,94,91,101,70,77,82,95,80,71,83,73,87,98,78,76,92,90,96,88
100,92,93,76,88,73,75,96,103,97,71,87,94,104,79,86,102,99,95,84,77,85,82
88,103,93,78,79,75,73,74,90,72,99,102,96,77,83,81,89,101,82
81,85,97,90,73,99,101,92,103,74,87,96,95,88,86,100,77
95,88,94,84,93,101,83,96,82,100,74,97,86,81,80,102,92,77,90,75,104,91
79,88,94,89,82,91,76,90,99,92,103,95,96,97,85,98,84,75,80,101,100,81
94,76,98,83,81,95,85,97,103,102,93,87,78,90,80,89,88,91,101,96,100,84,104,86
78,87,103,77,104,79,88,97,84,99,83,89,80,85,98
94,102,88,100,103,79,84,83,98,82,96,89,93,81,80,97,95,85,90
89,93,86,92,94,88,82,79,84,98,102,91,104,90,81,80,85
83,97,94,82,90,93,100,89,88,96,99,102,86,80,91,104,92
99,100,90,94,98,92,87,95,97,84,93,89,83,91,102,104,81,86
100,89,84,93,95,82,94,91,85,99,83,96
90,96,94,91,102,100,93,99,104,87,84,97
92,89,94,102,91,103,84,104,86,99,100,90,85,93,98,88
95,87,92,101,91,89,99,103,97,88,93,86,98,96,90
96,90,94,103,104,98,87,88,93,97,99,91,86,92,102
102,100,92,96,93,90,95,99,103,98,97
103,97,101,98,100,93,94,99,88,102,91,89
98,102,93,103,104,101,90,92,99
98,100,101,99,94,103,90,104,96
91,95,96,101,93,100,98,99,104,97
102,104,92,99,95,93,101
102,98,97,101,96,94
95,94,101,99,103
97,98,96,101,104,102
97,104,100,101,102,103,98
103,102,100,97,101,104
98,103,102,99
99,100,104
101,102
103,101,102,104
102,104,103
103
104

111
Botolphs,50.85,-0.30
Chetwynd,52.78,-2.40
Setchey,52.68,0.42
Crowcombe,51.12,-3.23
Panton,53.28,-0.23
Canterbury,51.27,1.08
Oulton,54.83,-3.17
Hapton,53.78,-2.32
Bedale,54.28,-1.58
Bathgate,55.90,-3.63
Sandy,52.12,-0.28
Abberton,51.83,0.92
Queen Camel,51.02,-2.58
Beckermet,54.45,-3.52
Sunninghill,51.38,-0.65
Stow Cum Quy,52.20,0.23
Derrygonnelly,54.43,-7.80
Renton,55.97,-4.58
Mudford,50.98,-2.62
Shotwick,53.23,-3.00
Preston Road,51.57,-0.30
Cudham,51.30,0.07
Slaidburn,53.97,-2.45
Acomb,54.98,-2.10
Parkeston,51.93,1.25
Crich,51.61,-2.74
Donisthorpe,52.72,-1.53
Leake,53.02,0.10
Saint Issey,50.50,-4.92
Mundon,51.68,0.72
Lisnaskea,54.25,-7.45
Thorndon,52.28,1.13
Hoghton,53.72,-2.58
East Cranmore,51.19,-2.46
Enniskillen,54.37,-7.63
Chattisham,52.03,1.05
Kingham,51.90,-1.62
Admington,52.10,-1.70
Harpley,52.80,0.67
Nantgaredig,51.87,-4.19
Llanbedrog,52.85,-4.48
Knedlington,53.73,-0.88
Millington,53.95,-0.73
Castle Bytham,52.73,-0.53
Strathdon,57.18,-3.03
Longniddry,55.97,-2.88
Wylye,51.13,-1.98
Rushbrooke,52.22,0.77
Hardenhuish,51.47,-2.13
Middleton On The Wolds,53.93,-0.55
Romiley,53.42,-2.08
Navenby,53.10,-0.52
Shirley,52.95,-1.67
Dorridge,52.37,-1.75
Oakham,52.67,-0.73
Cinderford,51.82,-2.48
Horton,51.55,-4.20
Griffithstown,51.69,-3.02
Camberwell,51.47,-0.09
Bloomsbury,51.52,-0.12
Stowmarket,52.18,0.98
Penllergaer,51.67,-4.01
Bitteswell,52.45,-1.20
Sawbridgeworth,51.82,0.15
Castlemorton,52.03,-2.30
Braughing,51.90,0.02
Mirfield,53.67,-1.68
Exbury,50.80,-1.38
Risca,51.61,-3.10
Great Canfield,51.83,0.32
Fontmell Magna,50.95,-2.18
Royston,53.60,-1.45
Tetney,53.48,-0.02
Minchinhampton,51.71,-2.19
Potterspury,52.07,-0.88
Hutton Henry,54.72,-1.35
Gayton,52.73,0.55
Dron,56.32,-3.38
Saint Nicholas At Wade,51.35,1.25
Errol,56.38,-3.20
Saint Germans,52.68,0.38
Coupland,54.55,-2.45
Llanfor,52.92,-3.58
Llangeinor,51.57,-3.57
Fernhill Heath,52.23,-2.20
Barrhill,55.10,-4.76
Little Stukeley,52.35,-0.22
Owslebury,51.00,-1.27
Chipping Ongar,51.70,0.25
Harbottle,55.32,-2.10
Oxted,51.23,-0.02
Coxbench,52.97,-1.43
Holmfirth,53.55,-1.77
Ayle,54.83,-2.43
Lumsden,57.25,-2.87
Pitcaple,57.32,-2.45
East Farndon,52.45,-0.93
Walkden,53.52,-2.40
East Cottingwith,53.87,-0.93
Garth,52.13,-3.52
Patrington,53.67,-0.02
Wouldham,51.33,0.47
Radcliffe,53.55,-2.33
Bainbridge,54.30,-2.10
Plumbland,54.73,-3.32
Chinley,53.33,-1.93
Birtley,55.08,-2.18
Heddon On The Wall,54.98,-1.78
Tarrant Keynston,50.83,-2.12
Treharris,51.67,-3.31
Tissington,53.05,-1.73
51,92,111,44,43,64,75,11,73,67,22,25,84,93,106,91,14,24,76,31,48,71,59,83,62,94,72,95,63,87,33,4,15,80,88,40,30,105,55,19,28,47,20,49,8,101,37,60,36,61,45,85,70,65,56,54,38,81,12,98,39,50
45,86,44,102,89,3,71,53,23,34,52,37,60,48,41,62,94,7,107,90,81,65,26,10,33,50,14,96,56,100,103,74,35,68,93,67,76,85,27,78,69,39,25,84,75,36,109,101,55,98,22,59,92,40,18,13,106,66,6
35,63,77,32,49,47,73,86,9,31,62,75,58,102,30,20,41,100,50,97,56,11,6,42,8,60,106,10,107,15,43,108,103,19,101,67,17,89,110,52,48,85,74,59,39,61,66,96,92,90,83,81,5,104,64,26,33,109,57,54,65,88,7,98,16
71,80,32,83,89,37,19,39,22,74,77,91,93,95,63,34,62,29,104,94,86,110,13,52,40,64,18,100,30,107,69,41,66,81,47,48,12,50,103,87,51,88,20,105,7,54,8,73,82,35,56,21,57,46,16,24,53,38,5,96,75,78,33
106,35,31,6,95,30,19,110,55,99,47,7,88,72,18,69,29,17,14,37,9,27,75,8,38,68,62,89,58,10,71,101,87,23,107,66,93,46,103,56,43,105,61,16,90,28,74,78,26,96,57,52,39,97,49,21,86,48,54
109,107,67,92,66,60,70,54,43,37,71,100,10,20,23,24,86,73,27,50,106,61,41,32,45,12,53,46,9,111,94,81,55,22,75,59,49,29,102,30,28,110,57,97,74,35,14,47,56,108,36,90,101,93,105,44,31,87,39,69,13,80,62,38,33,104,89,96,64,16,95
15,25,73,100,82,9,91,28,23,43,92,72,102,10,110,40,58,60,30,56,11,64,50,85,105,70,75,84,88,62,74,29,24,20,21,78,51,90,69,49,66,34,37,31,80,17,68,41,16,97,12,63,19,55,71,93,111,98,108,14,35,59,81,53,13
98,12,101,108,74,105,92,39,14,61,45,18,111,36,58,54,10,97,103,26,15,35,33,27,29,53,87,43,17,13,31,100,34,30,56,75,73,59,52,106,24,28,71,107,109,91,48,66,89,79,44,37,65,42,49,63,88,50,64,96,94,9,110
95,51,48,108,107,87,27,100,20,29,57,61,31,110,35,47,22,81,93,106,50,46,76,53,68,101,10,85,58,52,71,11,40,90,36,91,39,59,94,14,102,66,38,44,19,74,96,64,97,60,79,83,104,62,65,21,54,15,105,37,25,43,72,92,88,30
81,110,15,23,109,38,59,97,33,56,111,17,92,99,72,34,52,84,29,89,25,49,82,12,37,88,24,30,11,87,86,75,41,28,93,71,83,102,26,98,68,63,90,46,79,14,77,32,73,66,65
19,44,73,35,42,63,77,72,99,25,85,96,75,57,86,29,23,50,22,89,47,92,52,103,61,30,39,58,36,13,78,68,62,106,88,49,97,48,80,87,66,81,32,56,40,60,71,101,26,94,46,37,14,104,12,83,31,74
86,76,31,42,66,39,89,29,81,53,88,73,100,91,109,24,14,37,21,92,46,74,111,90,107,103,27,52,32,94,17,30,45,67,93,26,110,96,47,61,97,40,79,78,51,13,69,83,54,18,59,33,38,48,80,28,23,60,82,19,84,77,44,68,101,20,25,16
14,75,64,82,20,46,39,98,72,105,93,77,43,21,25,71,87,55,52,88,89,79,91,67,37,56,47,83,103,22,16,109,104,35,97,63,84,49,51,33,34,24,42,80,76,74,107,86,106,81,111,78,27,41,44,29,50,100
19,61,45,88,69,87,46,15,50,86,84,81,16,89,78,77,104,20,48,36,91,37,73,53,55,70,40,107,35,96,34,97,108,106,28,100,94,93,83,99,33,52,92,95,109,23,65,22,29,79,74,26
75,42,19,107,61,28,18,37,101,102,56,34,43,103,16,111,20,74,90,86,105,38,94,66,110,95,17,80,57,63,39,25,73,87,58,93,69,71,85,53,46,92,82,65,84,36,33,49,47,44,78,31,97,76,48,108
87,51,61,94,20,101,80,98,95,49,17,78,46,44,75,79,19,63,111,107,58,108,53,28,56,66,60,102,39,97,22,18,54,42,109,23,104,85,27,29,82,83,90,41,65,24,50,32,25,73,93,31,110,72,81,86,96,59,62,105,40,38,64
32,22,34,59,24,99,44,111,43,91,41,65,30,98,60,42,18,37,105,31,86,45,62,93,66,76,56,106,75,69,25,90,51,108,64,97,82,89,61,110,52,36,29,40,95,48,21,19,94,87,23,96,109,79,49,78,77
35,95,69,72,79,27,23,109,85,51,57,55,59,20,96,54,77,89,76,50,60,102,98,88,99,52,86,43,64,33,94,30,46,62,106,36,53,68,108,92,58,24,21,41,74,44,97,105,82,111,81,34,29,22,104,39,19,49,93,103,78,65,47,28,56
40,50,56,92,64,67,94,54,84,78,32,82,95,24,41,96,109,73,53,58,29,91,27,88,20,62,33,25,31,70,49,77,93,60,99,71,22,51,59,68,72,103,97,87,111,74,28,66,39,52
102,73,107,26,47,99,83,39,95,64,101,63,111,23,82,53,98,56,91,77,44,81,57,22,24,38,52,97,87,88,104,105,45,55,79,51,93,75,76,90,86,54,106,92,31
79,51,74,70,106,31,50,98,27,107,64,22,66,45,36,71,30,105,58,94,63,90,99,76,84,42,24,47,81,92,86,65,41,96,60,25,68,28,95,29,83,34,57,46,88,85,40,72,33,35,43,55,93,61,104,53,48,102,75
42,73,94,45,98,63,95,66,87,108,36,92,40,90,67,59,80,43,100,24,39,99,85,71,51,111,57,58,33,76,68,93,61,53,86,34,104,29,103,27,35,31,74,101,30,55,78,60
39,92,91,99,24,109,93,86,105,48,60,45,71,68,74,88,103,102,65,66,61,80,29,52,110,51,27,84,79,98,50,25,89,69,97,111,56,90,62,42,55,32,104,41,46,31,26,43
28,48,110,80,38,35,108,90,25,42,31,33,30,101,79,26,105,49,68,81,106,96,61,29,53,85,64,51,100,46,76,32,75,39,66,92,83,67,65,45,102,104,54,107,97,73,111,36,71
90,51,71,108,76,93,109,66,43,36,72,63,111,105,52,92,62,95,73,97,54,30,60,31,107,57,100,38,74,89,91,86,110,41,32,65,75,103,56,80,104,83,39,61,26,99
91,97,62,105,92,64,96,35,78,88,77,27,84,85,33,43,106,95,50,81,110,28,99,68,74,34,66,44,52,46,75,32,103,111,58,37,55,38,83,51,45,70,47,31
42,91,86,33,105,70,64,74,28,92,107,49,62,55,81,50,93,69,109,77,45,82,39,61,72,71,100,88,44,84,87,94,101,65,54,85,30,80,104,78,40,90,67,47,48,103,58,108,36,34,99,31,53
44,107,40,51,100,53,49,71,88,79,67,64,97,46,59,39,96,110,32,75,90,37,83,78,68,62,41,77,35,80,69,58,87,91,105,82,48,45,104,94,102,76,106,103,61,89,42,54
31,97,46,75,88,60,65,63,30,98,47,62,108,90,48,50,35,73,58,81,70,54,51,55,86,103,59,69,79,78,64,36,72,87,53,84,96,34,74,111,45,49,101,92,102,68
80,77,104,63,36,52,101,76,84,61,102,72,50,46,60,69,78,44,92,75,37,59,91,85,32,57,70,66,49,65,64,88,74,105,58,95,83,110,39,71,34,87,89,109,54,42,108,51
77,48,61,37,50,38,72,75,94,47,92,78,104,45,36,32,51,96,40,85,39,74,93,69,103,87,60,43,86,88,109,57,33,76,108,42,55,90,98,63,44,68,97,101,64,62,80,107,71,111,59,66,82,52,73,99
101,42,94,89,104,49,37,53,55,108,85,81,58,33,56,63,76,98,107,43,91,57,71,103,45,38,88,73,106,54,69,70,82,67,105,40,80,64,77,51,61,65,46
39,54,93,63,51,67,47,95,83,40,48,73,74,41,90,60,89,62,110,98,78,34,45,35,109,58,75,42,80,105,79,111,68,104,50,59,91,86,96,101,43,77,55,65,38,71,92,108,103,100,70,76,87
59,41,106,93,72,105,104,87,66,102,74,110,94,98,69,53,83,55,64,81,51,111,56,75,58,84,103,96,67,45,89,76,73,36,47,100,46,65,70,101,49,92,97
98,105,40,56,60,52,99,59,65,36,92,75,68,39,111,78,74,91,73,88,41,86,66,69,107,93,45,43,51,87,46,81,62,38,97,82,63,49,103,71,37,109,95,67
58,54,72,92,38,87,62,70,75,42,57,95,69,46,98,80,101,83,77,100,66,103,82,85,96,51,63,102,84,53,68,48,104,39,47,111,78,97,99,40,76,94,108,86,50,71,64,65,60
69,72,91,107,96,71,98,49,50,79,87,74,43,58,109,99,83,45,68,75,63,62,94,93,44,77,111,81,106,110,85,53,88,38,89,57,66,82,78,65
80,93,66,79,87,71,101,40,89,84,75,88,51,76,64,100,108,67,104,109,95,55,50,58,62,49,110,77,46,74,57,53,45,61,42,44,102,107,43,105,56,85,98,96,94
58,106,69,95,47,85,76,71,56,109,100,50,88,98,42,66,108,59,44,65,111,102,96,52,43,67,107,78,89,104,64,51,86,54,94,79,77,84,99,91,81,105
59,49,104,92,64,72,89,111,109,43,52,82,90,79,67,57,41,71,74,78,108,96,70,80,94,50,99,77,97,106,62,91,107,84,93,95,85,53,73,75,86,69,88,105,56,76
96,62,63,82,57,50,110,58,92,47,78,59,101,53,83,103,51,52,80,66,79,76,88,106,108,99,72,45,61,42,65,90,56,89,86,98,77,91,48
77,107,50,82,55,102,85,105,84,75,74,63,97,92,68,46,59,88,72,80,99,71,73,78,79,89,109,57,58,101,49,69,53,95,52,62,70,43,66
94,96,78,86,55,92,51,70,95,75,83,61,79,66,111,76,49,109,80,72,73,108,93,105,63,88,100,81,53,102,58,60,69,44,67,85,54,103,68,89,82
79,110,57,106,94,71,100,111,98,109,88,83,68,64,86,73,101,102,92,97,70,52,69,74,47,107,48,95,50,84,87,51,62,81,45,77,55,59,72,54
110,78,61,48,75,102,111,50,103,95,81,68,65,73,74,47,92,109,66,56,93,89,69,83,105,67,72,96,108,107,106,79,60,51,63,46,99,64,98,94,82,53,58,101,77,59
83,71,82,70,66,101,56,102,107,84,74,80,105,77,87,64,92,109,99,110,67,96,94,89,78,79,95,65,55,59,85,81,76,49,93,91,47,111,72,63,106,57,54,61,69,50
65,108,50,80,97,58,63,53,98,103,90,60,54,48,101,107,96,88,76,51,89,57,82,110,78,94,67,99,74,92,86,85,93,72,68,77,84,100,106,64,49,87,79,62
102,53,110,71,84,91,51,98,57,74,90,66,80,62,68,89,95,50,86,111,85,83,76,88,108,93,55,59,72,92,75,78,101,63,64,81,73,104,109,60,67,103,105,54
85,86,98,105,94,55,60,91,99,111,71,62,53,110,90,81,52,101,93,100,83,61,108,106,92,58,104,66,74,82,51,80,102,84,77,78,109,73,95,57,96,72
84,63,82,80,77,65,94,73,51,83,79,110,100,93,88,102,107,66,105,69,104,67,97,68,64,108,98,55,71,70,58,109,85,106,76,57,52,96,53
109,85,61,108,57,100,87,62,90,64,65,80,91,84,86,97,53,76,107,69,83,56,110,55,89,71,111,68,72,74,103,54,98,58,70,101,79
80,105,85,87,70,71,66,75,103,92,110,54,79,108,102,77,78,82,94,86,109,64,63,93,76,98,101,97,111,88,100,67,96,55
101,91,81,108,70,96,102,78,84,105,110,111,69,80,55,54,71,57,103,83,95,85,59,89,60,56,61,107,66,76,99,82,104
102,89,63,59,93,94,87,104,72,97,81,62,75,61,95,107,71,60,101,77,65,56,70,109,67,105,108,68,106,96,110,91
75,74,73,98,89,91,77,78,65,80,92,102,70,105,69,97,86,58,107,66,103,93,83,56,108,62,71,76,72,67,81,63,110,104
81,73,106,82,74,61,63,89,65,71,102,103,110,108,91,80,68,88,58,72,109,93,66,78,85,77,92,69,70,75,59,64,79,99,57,100,94,86,90,98
82,84,110,73,77,81,62,92,95,59,108,97,106,74,88,90,60,109,89,58,75,105,68
84,96,102,103,83,82,99,106,79,90,63,88,59,111,85,61,81,62,100,105,66,107,89,91,101,71,75,108,110,72,97,109,92,95,87
88,62,100,101,106,91,107,84,76,87,71,89,70,67,74,98,61,93,64,69,96,63,92,86,60,85,99,104,97
84,63,85,67,98,101,110,95,87,61,70,81,102,62,82,109,97,96,103,104,105,68,74,100,64,92,91,80,107,77,90,71,76,111,65,78,106
111,82,84,77,88,93,94,83,72,66,71,106,99,103,64,81,98,67,86,90,79,78,73,109,105,107,75,85,96,104,63,87
89,87,84,67,95,79,82,76,88,109,69,74,86,70,101,98,100,108,65,71,94,64,97,91,81,83,111,73,92,105,107,90,106,75,102
106,98,73,104,77,100,89,91,93,111,88,82,86,99,75,101,90,70,103,67,79,65,83,71,84,81,110,107,74,72,108
100,98,91,87,76,75,95,66,101,106,92,85,65,82,69,88,84,97,83,74,78,110,79,81,77,109,104,96,68,93,105
110,87,82,67,68,66,93,102,75,111,72,104,79,91,71,90,100,81,84,76,73,97,78
98,92,105,100,82,87,106,84,68,81,97,95,99,86,67,93,94,109,101,91,80,73,88,102,90,75,107,74
85,101,90,73,72,97,74,104,111,109,106,88,94,86,103,105,107,100,93,69,77,102,92,87,84,82,83
98,73,84,107,105,85,97,99,111,89,93,69,77,103,102,75,83,95,92,79,87,104
102,71,82,95,89,73,70,105,94,74,81,91,77,100,97,79,106,72,83,75,96,90,98,110,84,103,80,76,109,85,93,108,107
90,104,96,71,75,93,99,91,80,86,72,81,73,94,97,109,105,110,103,88,101,100,82,111,102,108,98,79,77
73,92,75,72,97,80,76,101,79,93,88,108,107,109,83,103,104,94,106,87,84
78,73,105,81,77,109,108,95,76,106,96,82,87,75,107,93,97,94,98
109,106,81,105,80,79,91,82,107,96,110,84,77,108,102,86,89,99,94,76,87,85,103,101,88
75,84,106,108,103,98,102,100,82,101,94,97,80,87,81,89,79,109,110,83,96,99,76,86,104,95
104,100,96,79,106,85,78,95,97,105,107,77,80,99,103,89,111,88,98,76,109,101,93,102
98,90,106,86,107,102,87,91,101,95,83,100,92,105,77,93,97,94,108,84
103,91,84,78,94,106,105,88,101,83,89,93,85,102,81,90,109
109,102,111,91,110,108,94,84,90,104,82,95,97,98,103,80,107,79,101,86,106,100
92,81,96,90,105,94,103,85,106,88,98,108,82,109,101,89,97,83,111,86,107
91,101,87,83,99,108,103,110,107,104,81,82,109,92,97,96,102,89,94,98,85
97,101,96,107,84,108,104,90,99,110,92,83,98,105,100
107,97,101,86,98,93,110,108,104,96,106,87,109,89,84,85,92,94,91,99,95
102,110,95,87,86,111,85,104,101,88,100,93,94,106,105,92,96
107,93,102,104,110,111,87,99,103,96,108,94
86,99,104,92,110,108,103,107,102,90,88,105,101,100
99,110,109,106,93,98,102,107,89,108
98,109,110,91,95,93,94,108,102,105,101,89,97,99
101,106,93,97,89,98,100,99,95,110,94,90,105,111,91
99,91,94,103,107,97,104,110,108,106,90,92,100,101
94,105,108,92,102,93,107,97,103,96,98,99,110,111,101
108,99,107,104,97,96,101,102,106,109,111,103,94,92
97,107,108,106,104,98,93,111,102,100,109
98,106,107,100,101,96,105,99,111
101,108,106,107,97,109,110,102,105,99
105,107,101,99,109,111,98
98,101,97,105,106,110,111,108,100,102,109
107,103,102,104,99,110,111
110,104,106,105,108
100,104,101,109,102,103
108,104,105,106,110
104,103,109,102,110
108,103,110,107
110,108,104
106,111
107,108
110,108,109,111
110,109
111
111
65

108
Houghton Conquest,52.05,-0.47
Llanfairfechan,53.25,-3.98
Carbis Bay,50.19,-5.47
Hambleden,51.57,-0.87
Bardon Mill,54.97,-2.33
Trostre,51.68,-4.13
Warminghall,51.75,-1.07
Sighthill,55.92,-3.28
Aslacton,52.47,1.17
Strathdon,57.18,-3.03
Rayleigh,51.58,0.62
Gillamoor,54.28,-0.95
Lupton,54.22,-2.67
Coagh,54.65,-6.62
Lindale,54.20,-2.88
Mileham,52.73,0.85
Sandhead,54.80,-4.95
Iwade,51.37,0.73
Templeton,50.92,-3.58
Sefton,53.50,-2.97
Articlave,55.13,-6.77
Long Ditton,51.38,-0.32
Totland,50.67,-1.53
Warfield,51.43,-0.75
Littleworth,51.67,-1.55
Halsham,53.72,-0.08
Rockbeare,50.75,-3.38
Kingsnorth,51.10,0.85
Ashwater,50.73,-4.28
Blackwater,50.67,-1.28
Folkingham,52.87,-0.40
Gladsmuir,55.93,-2.87
Bishton,51.58,-2.88
Burston,52.40,1.15
Wistaston,53.08,-2.47
Low Ackworth,53.63,-1.32
Blofield,52.62,1.45
Cross In Hand,50.97,0.22
West Lydford,51.08,-2.62
Didmarton,51.58,-2.26
Over Kellet,54.12,-2.73
Werrington,50.67,-4.37
Little Cowarne,52.17,-2.58
Romsley,52.45,-2.32
Addington,51.93,-0.92
Preston Bagot,52.28,-1.73
Loughor,51.66,-4.06
Brundall,52.62,1.43
Llanerchymedd,53.33,-4.38
Godney,51.18,-2.74
Nether Wallop,51.12,-1.57
Failsworth,53.52,-2.13
Gillespie,54.83,-4.73
Toft,52.18,-0.02
Calverley,53.82,-1.68
Stokeinteignhead,50.52,-3.53
Scawby,53.53,-0.53
Iron Acton,51.55,-2.47
Cricklewood,51.55,-0.22
South Zeal,50.72,-3.90
Lochcarron,57.40,-5.50
Mitchell,50.35,-5.02
Tiverton,50.90,-3.48
Stour Provost,50.98,-2.28
Fyvie,57.42,-2.38
Hertingfordbury,51.78,-0.10
Bradworthy,50.90,-4.38
Thringstone,52.73,-1.35
Worlington,52.33,0.50
Stay-a-little,52.52,-3.65
Ulbster,58.35,-3.15
Hinton In The Hedges,52.02,-1.18
Blantyre,55.77,-4.10
Elsdon,55.22,-2.10
Oswaldkirk,54.20,-1.05
Crossgates,56.07,-3.38
Piddletown,50.75,-2.35
Clopton,52.12,1.25
Wombwell,53.52,-1.40
Stowford,50.65,-4.22
Newton Saint Cyres,50.77,-3.60
Bearsden,55.92,-4.35
Flagg,53.22,-1.80
Bickerstaffe,53.52,-2.83
Meaux,53.85,-0.33
Amotherby,54.15,-0.85
Morden,51.40,-0.20
Podington,52.23,-0.62
Little Marche,52.03,-2.48
Nancekuke,50.27,-5.27
Crudwell,51.63,-2.07
Etherley,54.65,-1.75
Ayle,54.83,-2.43
Edensor,53.22,-1.63
Throwleigh,50.70,-3.88
Tiptree,51.82,0.75
Swallowfield,51.37,-0.95
East Cowton,54.42,-1.53
Lyminge,51.12,1.08
Birgham,55.65,-2.33
Pavenham,52.18,-0.55
Ballinamallaght,54.85,-7.23
Ballinluig,56.63,-3.65
Woolaston,51.69,-2.60
Lower Swell,51.92,-1.75
Newton On The Moor,55.33,-1.73
Saron,51.79,-4.03
Ravenglass,54.35,-3.40
95,105,86,93,99,44,29,80,98,26,30,49,33,100,88,89,13,73,52,59,69,58,38,103,28,61,85,65,4,18,9,87,84,22,106,67,48,11,75,107,24,72,10,5,64,32,102,6,60,41,34,82,42,92,66,15,21,8,96,27,62,2,56
70,48,17,36,38,57,106,56,67,53,98,22,91,83,74,90,40,89,66,35,27,78,42,69,25,73,49,14,59,102,84,92,32,13,34,10,58,6,63,82,65,72,44,43,77,101,71,46,45,60,76,33,37,94,79,54,75,28,31,81,12,52,99,15,29,100,18,86,30,8
19,38,31,11,32,12,40,100,52,46,59,28,35,24,64,56,49,23,4,17,97,51,37,30,103,91,43,105,101,74,102,63,26,108,54,96,58,67,77,95,88,42,76,9,6,34,39,41,14,22,89,21,92,99,104,45,83,78,75
7,57,22,93,62,92,37,84,49,85,81,25,31,82,51,10,68,105,65,17,24,94,47,101,78,89,5,73,100,108,97,8,52,45,11,14,75,48,58,34,55,30,91,60,19,15,77,6,83,36,106,86,28,21,88,76,33,44,39,67,23,72,42,29,20,18
83,16,76,100,72,43,86,105,70,65,39,106,50,35,8,44,99,12,32,88,61,38,14,71,17,73,58,91,96,7,53,90,62,52,84,24,26,101,75,34,78,81,66,68,95,20,19,9,74,64,67,104,23,33,107,89,28,47,13,41,15,56,42,77,108,31,60,54,18
77,41,15,33,39,17,72,104,70,98,91,53,20,60,14,66,19,18,54,21,25,36,58,74,35,30,75,56,44,106,69,100,80,95,92,48,105,29,64,87,83,84,7,31,45,32,107,9,101,79,55,61,81,103,26,90,73,82,57,51
30,81,90,102,23,85,27,36,106,94,56,9,60,87,51,14,107,32,42,103,25,86,57,93,45,92,54,78,22,72,33,11,71,99,44,75,80,10,68,82,16,88,73,48,40,17,105,46,21,70,101,58,67,26,43,28,53,41,12,79,91,49,52,108,98,76
77,103,26,93,45,16,12,42,89,78,37,90,22,48,76,36,65,94,99,50,39,25,97,28,27,11,85,58,86,68,107,13,62,51,108,24,105,96,70,19,49,98,75,61,63,83,71,46,44,67,30,101,40,106,66,20,35,47,9,54,14,15
68,92,18,19,87,38,77,40,62,49,79,80,107,30,22,60,47,24,48,97,95,104,101,23,75,57,72,17,45,16,103,56,25,21,26,12,83,14,66,32,100,94,46,98,90,76,54,55,86,11,70,27,71,78,29,10,42,105,37,69,81,34,91,82,53
59,62,85,50,30,69,52,45,70,54,32,13,36,22,77,11,76,72,98,74,91,18,88,66,57,19,78,73,71,34,63,75,51,25,21,105,40,31,100,23,17,47,60,108,39,14,64,24,104,37,56,33,79,16,87,65,81
106,59,94,72,97,87,29,26,79,19,14,66,108,70,42,100,84,17,64,61,105,63,103,28,44,102,27,40,78,54,25,15,69,107,77,104,45,32,101,98,43,33,21,76,22,75,13,18,65,71
82,41,50,84,99,17,91,86,102,68,38,14,85,76,39,28,15,75,25,48,71,108,21,69,95,19,30,22,67,35,49,83,52,77,18,105,31,54,97,27,44,106,23,103,55,34,56,107,73,47,16,92,57,98
69,62,42,85,99,76,97,61,22,63,45,38,53,23,56,16,32,103,89,66,34,47,48,98,101,88,24,82,86,104,78,54,94,65,64,26,96,74,57,77,25,59,102,15,39,50,108,17,43,105,106,55,72,18,52,84,33,95
39,48,30,23,31,99,63,18,33,61,107,59,43,86,76,35,80,53,28,68,100,105,94,55,37,78,70,21,65,40,101,102,66,19,67,81,38,45,75,73,44,46,82,22,69,72,34,16,95,77,32,15,41,56,62,91,24,103
104,58,17,102,71,100,101,106,19,107,22,54,27,25,39,63,92,77,84,42,30,91,20,16,108,73,72,46,82,69,29,70,94,21,96,50,85,95,86,76,36,26,64,75,68,60,45,34,57,44,24,37
47,92,36,35,71,30,26,77,72,74,99,95,58,48,103,19,29,33,105,85,67,40,76,65,28,34,31,90,51,69,75,84,38,66,25,107,55,104,53,94,106,82,86,57,27,102,68,78,56,59,62,42,32,88,45,21,93,100
26,24,22,45,108,61,64,74,66,67,82,70,43,44,69,93,86,41,101,73,83,89,60,81,94,91,72,56,68,99,32,58,31,20,105,18,106,33,30,36,49,23,28,90,19,51,102,35,63,65,95,34,97,104,76,92,48
102,33,83,63,19,103,25,53,44,37,81,74,24,100,105,58,84,55,89,43,62,66,64,104,87,57,23,85,70,27,40,93,82,54,28,72,34,42,60,35,96,59,88,108,99,50,21,91,78,94,86,80,98,75,52,90
34,107,24,46,49,55,41,72,40,69,21,60,92,42,79,100,94,103,70,77,58,85,71,31,47,68,28,65,106,50,29,44,73,105,89,75,61,91,35,59,84,104,33,51,56,108,57,99,98,83,52
34,64,78,24,56,65,92,102,39,57,104,25,101,36,95,67,43,82,60,41,58,28,55,69,76,52,50,35,61,71,53,93,96,51,83,33,32,77,80,49,63,23,100,87,31,66,68,97,89,54,103,88,106
77,61,28,79,106,40,93,30,37,65,102,69,71,84,68,76,91,97,64,98,52,58,72,46,36,87,82,24,47,95,22,38,94,41,75,53,108,83,31,103,66,90,43,29,92,101,49,57,59,89
87,60,52,46,37,79,99,32,67,108,106,41,48,80,45,66,93,43,62,35,83,71,42,30,70,38,96,59,101,107,53,69,54,81,26,65,58,102,72,36,100,31,55,27,97,74
79,60,41,26,108,97,55,101,102,92,29,95,35,70,67,68,36,86,98,28,100,90,30,52,59,99,96,93,48,53,54,89,45,40,44,74,46,84,88,61,32,42,24,39,66,72,106,77
59,69,56,90,85,30,48,36,79,32,88,39,82,40,50,76,95,53,37,89,42,102,92,99,93,62,86,45,66,44,51,68,80,60,38,63,54,108,74,75,105,64,29,31,103,34,104,81,106,52,96
57,67,36,103,32,68,71,78,107,69,62,53,39,87,72,41,92,73,42,104,60,52,97,31,99,30,50,100,49,37,84,89,105,58,88,86,38,54,46,77,34,45,74,40,102,108,93,94,79,106,95,56,96,29
36,96,54,49,98,70,61,97,42,39,76,92,58,88,95,37,73,45,52,43,50,94,55,79,101,107,34,57,56,75,80,28,59,103,53,65,44,41,91,66,63,72,62,105
80,105,71,83,101,51,89,33,41,78,99,42,104,36,79,102,81,63,39,58,34,108,38,61,43,28,77,53,103,96,48,73,29,62,72,31,64,46,106,52,107,74,100,85,45,56,32,69,30,97,88,57,40,94,91,55,66,98,84,70
94,88,52,37,92,95,108,58,43,39,100,105,67,99,87,49,68,59,56,74,69,84,96,78,82,79,38,89,50,35,70,104,98,62,60,107,34,86,54,103,80,32,47,61
80,105,107,66,48,30,49,101,90,104,41,42,97,36,103,76,54,43,96,106,75,44,58,69,31,93,91,33,102,100,87,51,70,94,78,50,83,81,84,71,95,64,67,61,68,32,53
62,107,76,79,58,36,108,102,95,96,46,69,42,53,61,33,49,86,40,82,98,75,31,74,66,92,80,52,54,48,93,90,70,78,60,34,37,47,56,89,55,100,103
81,55,86,73,102,75,103,52,108,71,67,78,66,58,40,80,50,41,33,54,77,105,61,106,70,37,97,101,32,45,62,56,35,79,49,65,99,43,100,60,42,95,38,69
89,42,33,84,37,57,87,64,102,50,88,39,56,44,95,65,91,100,52,97,36,59,46,60,80,71,68,35,61,105,104,79,99,67,92,72,47,106,78,66,45,69,86,108,70,51
41,45,87,77,71,80,105,102,83,75,39,54,93,60,46,64,47,107,49,94,50,61,63,35,44,36,103,97,100,76,104,81,72,67,92,106,59,57,69,62,43,82,38,91
90,86,106,60,103,53,79,87,84,76,36,89,52,93,78,101,92,69,88,67,105,63,107,98,95,83,43,73,39,46,104,41,68,81,54,65,99,55,97,57,48,61,75,74
75,108,79,65,94,81,93,103,87,100,48,74,57,88,42,56,47,97,82,40,66,92,77,78,43,59,44,64,67,70,105,85,55,53,52,95,50,72,102,36,101,89,107,73,80
104,108,72,60,101,70,107,71,81,53,84,57,67,87,94,43,62,66,39,105,64,49,74,37,79,89,44,98,45,86,68,42,59,56,76,97,61,99,78,54,48,88,50,41,102
79,101,93,56,61,90,108,59,107,80,45,97,73,71,76,47,54,106,78,92,60,70,82,87,83,44,81,65,63,55,72,105,46,96,42,85,98,38,39,67,100,62,43,51,49,95,68
51,70,60,67,48,58,78,102,89,100,86,56,81,95,46,101,45,40,66,73,94,41,44,47,43,69,39,107,49,90,54,87,62,65,75,106,42,104,91
96,85,107,97,77,89,90,74,83,43,108,99,55,68,81,91,67,70,101,80,64,79,45,56,41,58,94,66,73,100,61,98,93,92,59,72,86,82,51,50,48,75
61,71,77,68,91,87,107,83,55,84,80,73,104,43,49,42,86,75,105,63,53,70,92,85,99,44,89,101,96,78,46,93,106,95,69,56
47,106,53,55,48,44,76,63,65,87,72,62,108,107,43,77,75,52,70,83,82,73,105,86,60,66,99,45,54,59,90,50,46,74
78,82,71,64,61,43,103,60,106,83,76,44,70,95,47,100,72,90,99,108,107,62,102,59,68,54,46,73,52,67,84,86,58,87,89,92,69,88,81,85,56,77
91,97,71,104,68,74,53,59,88,52,83,87,61,65,99,46,98,48,70,67,69,96,103,85,78,92,95,60,75,45,93,105,108,58
94,69,45,85,106,73,49,50,89,67,70,57,105,103,101,95,108,68,98,102,80,84,96,54,75,53,78,77,71,79,107,60,74,100,83,59,99
85,88,50,80,100,71,60,49,47,76,91,95,84,103,92,67,96,104,105,82,108,79,61,107,56,99,54,55,73,89,59,62,74,86,58,78,75
66,102,92,106,86,83,98,84,96,107,90,62,47,81,51,105,80,79,77,74,99,61,52,94,75,70,64,53,78,97,72,56,87,55,63,67,89,57,85,100,65,59
69,62,48,87,96,90,81,76,99,102,65,54,94,75,107,68,105,98,82,84,97,83,91,50,73,89,77,86,67,106,72,53,58,51,79,64,70
83,86,107,58,85,103,89,91,69,88,56,84,95,51,94,99,64,52,72,76,59,87,55,80,68,53,93,108,67,63,92,81,97
53,81,64,96,79,101,73,60,62,72,68,75,59,71,89,83,105,102,86,85,69,70,63,103,76,82,54,95,65,94,87,100,55,56,107,106,90,78,88
107,91,95,106,92,58,81,56,70,74,68,93,97,65,103,96,102,71,88,89,99,75,108,79,87,59,98,77,85,51,94,83,101,57
70,78,88,52,77,99,63,87,72,105,92,96,64,102,101,57,95,73,80,68,79,58,69,83,53,59,54,61,60,65,81,74,62
95,69,76,107,101,57,73,104,65,98,85,56,63,105,61,87,77,74,71,53,96,93,99,64,79
89,95,94,80,68,75,96,76,81,58,97,57,103,73,92,74,99,101,62,106,107,88,61,78,105,84,90,100,56,71,66,63,59,70,98,54
97,65,82,67,86,100,101,75,76,79,63,91,93,108,72,55,106,104,68,95,81,62,73,56,98,83,87,107,58,61,64,60
60,80,58,70,93,96,61,100,85,68,98,82,99,66,108,101,94,65,79,95,97,57,92,87,62,106,63,89,102,71,73,72,69,67
84,81,91,75,88,107,97,104,64,80,73,62,87,95,67,102,60,68,82,86,74,78,108,85,66,94,65,63,57,99,72
82,79,63,86,105,88,99,95,94,101,59,58,61,104,71,76,70,102,89,64,68,60,74,67,90,80,98,77,106,107
70,77,100,81,65,93,101,75,78,62,95,82,84,63,83,98,80,108,69,59,94,61,87,97,85,66,89,79,60,90,103
64,81,98,61,101,78,103,99,108,67,95,66,96,89,107,75,87,60,71,68,100
70,103,107,63,61,69,87,66,85,106,65,64,91,68,104,81,99,102,86,74,101,84,90,97,89,98,83,75,82,80,92,72,95
74,70,96,94,63,108,88,89,68,72,92,106,84,79,66,95,90,76,78,82,62,81,99,69,98,77,87,73
72,67,86,107,82,102,63,92,99,94,108,85,80,77,69,98,84,103,76,93,96,68,91,88,74,95,97,90
87,81,106,64,82,101,71,86,95,105,99,68,97,91,94,77,88,66,74,85,100,67,84,103,102,65,70,107,75,104
96,67,88,108,76,82,86,102,99,72,94,83,103,73,98,77,85,65,107,79,104,92,106,87,95,70,68,69,89,66
86,87,75,105,82,101,76,94,98,71,79,81,91,84,73,70,96,72,92,69,103,68,85
90,75,86,70,85,84,99,92,93,79,104,89,107,87,96,98,108,80,88,67,91
104,73,68,71,88,72,106,103,100,86,94,89,85,75,90,97,91,99,70,82,77,96,101,87,80,107,108
107,85,88,82,105,70,89,93,78,84,79,74,80,102,101,86,100,71,108,90,92,81,76,73,95
76,77,83,98,86,104,73,80,89,90,93,82,105,87,92,71,75,70,107,72,81,108,95,99,78,94,97
108,77,93,88,90,73,81,95,98,100,79,83,84,106,74,102,80,97,99,104
91,80,98,74,82,106,95,79,104,89,96,86,94,101,88,99,87,83,93,90,100,102
77,108,102,80,103,91,99,105,92,96,74,73,84,97,90,101,83,76,106,104
83,92,80,88,105,104,101,107,86,85,90,108,76,75,81,96,94,91,84,100,103,89,77,93,99
108,91,85,96,88,93,98,78,83,76,87,81,103,89,100,77,79,97,102
108,105,80,85,82,107,97,104,91,79,83,101,76,92,103,93,100,102
90,82,92,83,79,98,81,87,104,106,86,94,100,105,101,93,84
97,83,101,82,78,85,95,86,94,100,105,96,104,98,80,108,81,79,107,87,91
107,97,106,85,94,104,98,99,90,83,81,101,88,84,92,82,103,102,93
106,85,105,83,86,107,102,84,92,100,87,101,91,89,95,96,97,90,94
85,96,100,93,86,89,107,92,105,94,90,87,98,103,99,88,83
86,83,94,96,99,108,93,100,82,95,89,104,106,107,105,84
85,86,106,105,95,104,101,87,103,84,88,83,94,107,96,97,108,90
108,88,89,97,99,107,85,92,87,101,96,90
95,102,101,88,85,97,107,96,87,90,86,94,98,93,108
97,99,87,103,102,91,105,98,100,90,93,89,107,86
95,98,105,101,99,103,97,107,91,104,96,92,88,90
102,106,104,96,97,89,90,91,101,92,107,95,108,100
99,93,100,98,91,101,105,92,103,108,102,94,89
92,93,108,107,102,105,99,94,98,97,91,101
93,95,103,104,94,96,98,106,92,97,91,99,107
92,107,103,102,95,97,94,98,106,108
102,94,98,101,105,104,99,96,103
103,108,96,94,102,95,98,105,106,100,104
107,103,95,100,101,97,104,106,105,98,108
107,96,98,100,106,108,103,101
108,98,102,107,101,105,104,99,106,97
104,105,108,100,106
99,108,100,102
100,103,104,101,108,106
106,105,107,104,101
102,107,106
106,107,108
106,108
106
108,107
108
60

113
Pencader,52.00,-4.26
Handcross,51.05,-0.18
Rivenhall,51.83,0.67
Bossington,51.22,-3.58
Portreath,50.27,-5.30
Mossley,53.52,-2.02
Strathaven,55.67,-4.07
Askam,54.18,-3.22
Charminster,50.73,-2.45
Llandyssul,52.03,-4.30
Hartest,52.13,0.68
Brockhurst,50.80,-1.15
Cranfield,52.07,-0.60
Grovesend,51.68,-4.04
Bullington,51.17,-1.33
Boulmer,55.42,-1.58
Walkhampton,50.52,-4.07
Noranside,56.73,-2.87
Ardleigh,51.92,0.98
Bingley,53.85,-1.83
Church,53.75,-2.38
Guildford,51.22,-0.57
Uckfield,50.97,0.10
Glyncorrwg,51.68,-3.63
Ystradfellte,51.80,-3.55
The Rock,54.65,-7.68
Glenogil,56.75,-2.90
Falfield,51.64,-2.46
Toot Baldon,51.68,-1.17
Pennant,52.55,-3.65
Anniesland,55.88,-4.32
Santon Bridge,54.38,-3.37
Great Ponton,52.85,-0.62
Camelford,50.62,-4.68
Brimpton,51.37,-1.18
Branston,52.78,-1.67
Shirland,53.12,-1.40
Binegar,51.24,-2.54
Nocton,53.17,-0.42
Cerney,51.67,-1.92
Holbeton,50.33,-3.95
Ince,53.53,-2.62
Whitewell,53.92,-2.52
Wenhaston,52.32,1.55
Manorbier,51.65,-4.80
Lewsey,51.90,-0.50
Beckenham,51.41,-0.04
West Walton,52.70,0.17
Dunscore,55.13,-3.78
Northcott,50.70,-4.35
Johnstonebridge,55.20,-3.42
Borrowash,52.90,-1.38
Rimswell,53.73,-0.02
Great Brickhill,51.95,-0.68
Bulford,51.20,-1.77
Avoch,57.57,-4.17
Colwinston,51.47,-3.52
Mucklestone,52.93,-2.42
Wadsworth,53.47,-1.15
Udimore,50.93,0.67
Brighouse,53.70,-1.78
Moortown,53.48,-0.38
Mark,54.92,-4.33
Chelmsford,51.73,0.48
Denholm,55.45,-2.68
Powerstock,50.77,-2.68
Gilmarton,52.47,-1.15
Fern Down,50.80,-1.87
Fairfield,54.20,-7.57
Settle,54.07,-2.27
Hilderstone,52.92,-2.08
Pollokshaws,55.80,-4.32
Chiselborough,50.93,-2.75
Earls Court,51.48,-0.18
Huntley,51.87,-2.40
Caerphilly,51.58,-3.22
Dundrod,54.62,-6.12
Ellenborough,54.70,-3.48
Payhembury,50.80,-3.30
Cheltenham,51.90,-2.08
Bescot,52.57,-1.98
Poling,50.83,-0.52
Wass,54.20,-1.15
Boarstall,51.82,-1.08
Rufforth,53.95,-1.20
Chesterford,52.07,0.20
Sugnall,52.88,-2.28
Garston,51.68,-0.38
Fen Stanton,52.30,-0.07
Tuddenham,52.32,0.55
Cricklewood,51.55,-0.22
Neepsend,53.40,-1.48
Church Broughton,52.88,-1.70
Little Walsingham,52.88,0.88
Belstone,50.72,-3.95
Earswick,54.00,-1.05
Talsarn,52.18,-4.13
Milford,50.97,-4.52
Currie,55.90,-3.30
Hindhead,51.10,-0.73
Knelston,51.58,-4.21
Hazelhead,53.52,-1.72
Brill,51.82,-1.05
Norton-on-tees,54.58,-1.32
Thame,51.75,-0.98
Chaddesley Corbett,52.35,-2.17
Blythburgh,52.32,1.60
Gretna,54.98,-3.07
Edgmond,52.77,-2.42
Walkerburn,55.63,-3.02
Pattingham,52.58,-2.27
Coffinswell,50.50,-3.57
Dervock,55.12,-6.47
30,12,68,96,41,7,33,91,51,14,23,100,105,19,36,79,53,61,46,86,97,89,101,76,35,102,16,70,54,18,9,32,52,31,109,58,65,59,83,103,43,87,110,80,26,4,63,108,38,37,20,27,67,106,75,48,42,78,113,10,47,88,44,21,98,72,45,56,17,85
47,66,18,54,113,98,5,39,97,42,44,62,23,99,41,29,55,92,19,12,17,111,48,93,6,71,35,63,85,60,76,107,4,82,67,106,102,33,94,37,38,40,15,43,31,56,78,88,52,7,105,72,100,27,110,69,104,81,96,103,21,61,74,28,9,46,24,20,36,51
75,84,11,7,98,12,15,102,39,47,74,22,36,14,104,86,67,105,6,53,25,108,27,110,112,43,96,24,20,49,69,80,79,83,23,59,13,56,85,113,50,103,38,64,89,66,95,33,60,107,63,101,48,37,97,41,87,93,106,68,28,61,51,99,92
97,73,50,68,86,110,70,19,29,28,6,101,82,64,71,56,47,79,112,66,17,18,27,59,7,84,26,94,48,14,30,78,96,39,105,49,69,23,113,11,40,15,85,22,81,54,61,37,88,33,103,52,99,57,87,72,36,111,42,62,93,95,102,67,5,83,16
48,97,113,37,38,98,16,85,108,73,54,95,15,75,47,41,32,68,111,11,80,52,29,21,49,94,71,22,112,66,92,104,91,87,36,56,33,99,70,64,78,8,84,44,45,18,93,30,103,43,53,72,69,51,26,62,106,100,6,88,86,57,67,23,76,101,105,81,25
86,68,65,24,40,48,81,110,27,112,35,80,26,36,99,31,61,33,71,107,29,84,58,103,37,59,96,82,10,83,13,62,63,8,28,69,104,43,60,108,94,78,12,100,93,32,45,56,66,54,55,109,106,52,49,11,14,92,34,19,50,113,75,7
108,52,90,28,65,97,105,112,29,75,113,32,42,74,81,59,47,77,35,80,43,70,56,8,34,78,45,55,67,92,64,57,10,51,82,41,21,109,85,33,25,9,79,99,86,84,31,36,76,69,95,110,38,14,23,96,106,71,107,88,48,44,11
17,45,75,79,23,19,65,92,27,78,30,42,54,72,9,31,90,22,12,64,20,15,35,82,18,58,13,91,71,89,100,53,110,40,63,61,16,59,55,80,97,33,67,98,66,10,38,101,11,25,62,112,103,49,68,99,28,87,74,52,85,109,104,70,29,83,43,41
13,97,109,38,113,35,90,36,25,85,70,45,11,46,37,108,104,96,28,72,53,56,86,79,41,67,103,93,106,64,54,18,50,60,78,84,102,42,74,91,101,24,30,62,34,94,44,17,75,47,26,32,81,98,58,59,51,107,49,76,15,19,65,22,27,87,89,63
74,104,106,111,20,22,28,25,47,71,60,69,99,18,95,26,12,61,90,100,107,94,44,113,57,32,51,29,87,42,49,15,23,58,105,101,31,82,36,14,70,35,92,56,98,97,59,13,50,33,77,24,85,65,63,83,76,30,67,72,48,75,37,66
45,62,31,104,89,33,78,93,68,91,61,36,92,19,106,28,27,108,71,53,64,76,40,38,99,88,30,32,41,49,60,65,34,15,24,112,63,55,22,43,100,86,103,87,84,25,51,82,77,81,12,94,20,56,18,52,70,74,69,90,102,67,80,21,50,46
100,69,85,14,102,94,99,83,95,113,73,24,43,106,90,111,72,46,15,51,32,71,76,61,41,58,66,59,50,97,101,39,28,30,96,55,103,19,68,21,91,60,27,89,33,20,77,75,34,13,88,44,37,86,93,107,67,81,18
111,54,80,77,104,20,18,89,68,78,26,71,72,109,70,66,100,35,19,110,38,75,107,17,97,42,96,16,101,63,49,56,36,15,99,40,37,88,60,84,103,43,34,41,39,94,28,52,87,82,81,74,62,32,91
27,45,68,104,57,32,56,81,84,80,25,42,65,73,86,51,111,82,31,29,54,89,50,71,99,55,17,39,34,37,101,105,30,69,40,97,60,93,63,72,62,74,24,43,67,92,83,53,28,109,70,47,100,108,87,33,38,21
51,24,53,58,107,56,21,31,68,35,72,61,85,18,70,87,40,102,67,108,44,47,22,54,92,64,111,66,86,60,84,79,29,42,62,80,99,104,59,27,49,19,32,45,95,63,57,81,38,94,37,30,110,25,82,103,17,113,46,41,36,48,77,76,23,52
95,73,44,90,112,32,59,108,27,24,30,87,60,78,109,74,103,62,98,111,69,53,72,51,23,68,50,35,63,29,41,96,105,54,97,31,76,100,80,93,64,107,58,67,85,83,110,84,47,89,38,18,71,26,34,46,91,22,43
30,48,103,57,62,100,33,87,19,53,58,108,72,46,69,67,92,113,41,71,83,64,86,36,93,59,52,91,80,82,66,25,32,68,77,109,94,20,73,101,38,111,26,75,104,60,85,88,50,47,63,40,70,22,42,105,61,55,29,24,79,99,106,23,112,74
105,26,56,57,72,53,81,83,55,89,24,96,37,58,23,64,49,51,45,35,75,92,44,87,40,71,50,98,42,94,65,68,39,104,28,69,60,66,36,43,67,113,46,106,101,61,102,30,25,95,78,52,79,109
59,72,85,33,43,56,37,93,38,92,27,23,87,112,46,24,63,107,82,28,91,89,76,97,29,31,36,83,69,68,25,61,44,113,111,106,71,48,52,54,34,95,65,58,99,64,101,35
52,91,88,92,24,93,46,29,32,68,50,99,54,47,65,42,75,48,69,70,86,109,102,96,58,78,43,97,53,80,60,77,74,103,108,82,73,94,30,59,98,41,26,100,71,101,83,89,106,51
91,44,34,85,60,86,29,96,93,75,97,64,76,78,43,36,50,65,104,37,47,62,42,40,41,56,69,109,67,105,92,26,39,80,112,99,101,46,84,113,61,102,28,27,54,24,90,79,88,30,59,94,68,73,51
23,89,77,103,101,65,32,96,71,94,57,82,106,53,30,36,110,84,66,62,100,75,51,81,54,102,41,92,68,45,29,112,64,105,33,34,25,69,42,72,44,73,107,35,63,78,46,109
77,78,48,46,92,70,34,103,107,61,35,71,94,89,52,100,54,97,32,51,74,56,47,42,81,99,101,72,55,39,80,24,45,59,82,104,69,27,31,41,113,50,95,75,87
90,55,73,59,36,110,43,77,103,26,40,35,80,65,46,27,94,69,56,98,44,105,72,37,28,104,97,85,86,54,113,83,61,52,102,51,91,38,108,58,76,95,45,84,74,71,70,109,75,41,88,100,32,60
49,29,66,68,51,81,33,50,106,35,110,65,82,43,78,62,71,111,90,100,39,27,72,37,70,30,76,77,102,80,101,54,32,48,57,79,61,92,88,64,26,38,109,91,28,47,40,36,73,98,67,99,34,46,56,53,95,93,42,75,74,112
50,27,103,110,66,33,71,31,38,35,63,53,112,72,42,98,113,79,28,78,99,81,70,80,88,97,48,29,101,74,32,100,55,45,47,57,56,36,44,76,61,37,102,64,60,90,85
60,70,84,32,36,80,101,53,54,62,35,92,89,31,34,76,95,111,29,78,82,103,57,108,97,63,85,109,33,51,65,39,59,58,37,83,104,77,61,30,46,93,91,110,40,49,41,90,73,66,47
42,80,30,94,75,92,88,66,108,47,87,98,52,67,29,51,54,46,40,95,73,44,68,49,70,48,83,97,113,112,77,91,93,84,85,34,31,32,41,50,103,102,45,59,100,64,78,55,58,76,57,71,104,36,72
30,58,50,48,83,39,100,101,61,91,98,47,84,59,51,34,113,63,105,89,76,95,112,65,68,104,107,56,97,74,35,110,43,38,66,92,85,106,103,94,67,111,79,49,64
112,34,98,40,72,94,97,75,61,90,113,83,57,71,85,81,48,60,50,49,109,84,80,62,54,63,35,93,58,74,31,89,96,111,95,59,110,70,33,53
35,106,77,65,105,45,41,89,112,108,87,75,70,59,88,111,74,71,104,110,107,57,43,81,99,69,76,51,49,39,80,82,54,67,68,42,55,86,96,48,66,92,47,61,60,93,98,32
91,61,101,109,54,43,39,77,68,81,40,82,52,75,64,107,79,37,45,41,50,73,111,44,96,85,36,63,90,97,106,93,103,92,105,70,55,88,104,87,66,35,51,69,33,78,38,80,46,108,102,86
42,35,59,37,78,96,70,65,104,73,102,108,80,75,48,63,91,83,109,61,89,36,74,49,60,86,81,105,100,38,79,112,95,45,77,56,62,69,103,66,92,107,93,58,99,43,111,51
52,63,76,90,42,94,95,96,86,83,102,101,44,99,48,55,91,89,43,107,97,36,61,67,87,105,38,71,49,110,84,74,53,112,77,103,37,113,69,80,66,106,73,47,56
97,44,95,38,56,91,76,40,106,50,63,107,48,96,41,101,84,53,65,88,62,36,73,113,86,90,52,47,59,51,81,105,58,94,100,78,108,77,98,46,89,69,74,64,49,92
42,65,52,103,98,87,39,82,70,109,101,54,96,46,63,102,55,40,84,90,97,108,77,53,73,50,47,113,68,83,74,105,58,81,43,80,79,106,69,91,59,62,89,51,110,76,64,95,72,111,88,112,48,85,93,99
95,106,71,66,58,53,86,103,64,44,83,111,92,69,102,42,62,61,47,90,65,52,73,70,68,89,57,46,54,82,56,91,48,60,98,96,51,85,50,93,100,78,80,112,72,87,88,99,94
96,43,112,62,99,47,102,77,88,44,41,73,111,109,78,75,113,95,70,79,90,42,89,65,61,48,107,104,45,54,101,46,74,93,84,53,71,40,52,94,51,49,66,105,56,64,91
64,113,54,43,58,88,60,96,78,84,46,70,49,89,85,81,73,91,103,41,52,56,68,45,105,74,108,61,55,95,97,111,102,86,65,112,50,48,92,100,59,51,107,75,72,80,94,66,53,83,87,47,109,71
109,56,48,77,95,79,83,72,108,70,89,104,92,105,90,46,91,78,63,44,80,64,99,43,85,52,86,54,65,110,74,84,45,71,59,94,81,93,76,88,49,50,53,51
76,70,47,96,53,103,97,111,100,58,87,63,60,88,65,104,83,110,57,98,94,108,106,73,69,45,91,82,59,46,71,43,102,75,93,66,80
105,90,113,102,87,57,89,98,88,54,106,81,50,99,45,67,108,103,97,75,78,71,49,92,68,86,83,96,101,72,44,84,58,60,94,95,100,53,56,74
79,56,105,44,73,89,83,48,94,92,67,70,75,53,46,59,66,97,109,68,106,87,47,63,101,72,57,100,99,82,103,71,74,85,98,51,65,86,54,45
98,64,80,101,93,90,99,52,108,47,73,48,66,67,75,65,74,102,78,94,97,109,96,111,87,85,53,51,70,77,63,50,71,54,59,107,112,89,110,82
87,69,111,56,80,77,79,76,98,104,48,51,68,89,62,90,57,52,66,84,73,50,70,71,78,88,58,109,61,85,49,96,47,54,53
98,96,91,79,56,47,75,60,58,74,104,86,51,113,87,105,49,94,61,92,63,111,62,68,83,71,110,93,100,50,59,108,84,102,109,99,64,54,69,70,112,65,66,52,107
61,90,60,97,84,65,68,69,52,86,66,80,87,73,50,78,102,89,56,113,106,62,49,108,58,111,105,54,101,71,57,63,67,104,83,70,64,99,51,75
104,68,82,73,53,105,92,90,93,50,107,106,75,89,55,109,54,52,88,101,112,103,96,102,57,72,98,63,113,59,100,99,79,71,80
50,108,77,73,88,106,98,99,87,97,67,53,55,70,54,64,93,69,61,56,104,102,85,84,68,75,81,105,71,63,101,100,80,92,95,111,58,62,83,94,52,109,74,78,66,65
98,97,96,57,81,103,87,71,100,76,51,60,89,113,79,101,68,66,93,73,74,102,86,90,108,64,91,82,61,80,92,63,58,54,109,112,65
109,68,95,55,60,70,72,99,107,108,59,74,61,110,89,79,97,100,84,69,77,98,103,67,57,58,52,101,54,93,112,76,96,62,73,64,106,56
54,92,60,62,113,56,90,58,65,76,64,87,107,68,97,100,82,85,79,81,99,71,78,109,95,69,103,93,57,111,86
84,77,60,75,104,70,67,83,97,108,56,90,99,98,65,78,100,54,85,58,72,96,73,91,61,80,81,87,102,112,79,113,101,71,74,62,111,68,103,76
95,62,69,72,73,66,71,113,85,104,84,58,57,74,100,80,79,90,56,109,97,98,81,106,99,93,64,91,70,61,108,75,102,83
60,94,107,92,62,79,80,57,75,64,109,89,61,59,102,110,95,91,65,63,84,77,82,56,93,69,113,101,103,111,108,76,105,86,66,81,71,83
106,94,97,68,83,60,87,76,103,59,99,67,62,98,57,66,82,113,111,105,75,93,89,96,78,64,90,79,101,86,100,77,69,81,110,84,107,80,102,91,71,65,108,72
61,78,100,104,90,93,94,107,82,86,71,72,66,67,96,83,91,75,81,95,102,77,69,99,74,89,62,58,70,60,108,111,63,64,92
79,96,75,104,78,88,59,67,85,91,68,69,63,105,84,111,103,109,73,86,87,76,93,113,92,108,66
73,63,112,93,75,113,110,62,82,90,94,87,79,99,101,89,81,108,111,64,61,60,105,96,71,85,102,92,91,72
63,83,62,92,72,74,66,73,79,101,75,65,64,61,85,86,77,70,105,104,87,94,110,109,95,84,96,69,107,82,67
100,95,89,72,63,96,99,87,103,74,73,107,84,93,88,111,102,109,67,68,86,71,77,66,106,76,78,79,94,104,110
86,80,90,83,82,98,65,96,104,111,64,97,106,100,103,107,105,63,72,99,66,74,93,94,67,92,89,112,110,68
79,91,88,110,107,71,78,104,97,84,89,100,94,90,65,80,72,68,113,73,64,111,101,98,92,76,83,112,85,108,106
100,74,104,91,96,84,92,71,82,112,80,105,87,86,108,77,83,102,101,67,89,109,94,85,90,95,73,70,98,97,106,103
84,81,101,93,111,69,98,68,88,87,113,110,99,92,67,82,66,86,78,79,89,109,108,70
93,87,112,79,72,92,103,75,111,107,100,108,106,67,78,102,104,95,71,76,80,89,88,97,86,77,69,110,81,85
72,86,80,101,108,71,90,94,93,95,75,82,69,88,73,92,83,100,98,105,109,84,89
109,112,80,72,71,82,98,91,104,86,81,96,99,75,73,87,76,94,100,79
93,90,92,85,105,101,74,104,75,78,81,76,77,110,100,86,112,79,71,95,103,89,111,99,88
103,107,110,73,89,77,92,105,98,90,93,97,94,71,75,100,102,85,101,78,84,82,106,112,74,81,104,109,87,83,95
101,81,90,110,74,89,85,108,91,95,76,93,106,113,86,78,102,73,79,103,100
106,113,101,76,92,95,104,90,80,105,74,82,94,100,79,110,75,96,84,97,81,89,91,87,108,78,107,83,93
104,98,95,74,100,99,80,75,96,79,103,109,112,81,106,82,107,84,83,94,105,113,87
78,75,96,86,92,104,107,77,100,81,108,83,102,101,103,109,87,94,97,84,111,79,85
87,83,85,97,96,89,104,91,81,80,92,98,105,82,78,79,100,107,93,95
113,112,98,88,102,103,104,78,91,77,110,85,94,95,90,99,105,96,111,79,101,87,86,107,100
80,113,111,104,103,109,105,92,98,78,93,102,106,88,108,79,95,101,110
79,94,84,96,100,88,91,89,80,97,111,110,86,85,107,98
91,92,80,109,85,104,103,82,97,96,88,93,108,105,102,110,100,86,112,90,113
85,93,103,86,102,82,81,109,98,100,105,110,113,104,106
85,95,93,112,92,102,105,94,83,97,107,108,110,109,111,88,84,86
106,95,105,87,107,99,104,100,102,109,103,84,90,110,97,98,89
93,84,98,86,99,94,113,109,97,89,103,100,110,85,102,106,108,107,112,96,104
111,90,112,94,96,89,85,106,113,93,101,92,91,98,105,110
101,94,88,113,110,104,95,112,105,89,92,93,97,103,102,100
112,100,95,103,87,108,102,110,90,101,91,104,109,111,106,88,105
91,104,102,90,101,95,112,100,105,97,99,111,92,113,94,89
107,105,102,92,93,95,103,100,89,108,96,91,104,90
98,112,96,101,105,99,107,109,100,104,113,106,91,92,103,102
94,100,109,97,112,111,108,104,105,91,110,101
111,98,108,103,99,96,110,100,106,95,105,97,112,101,92
108,106,103,102,97,98,110,100,113,111,105
104,99,97,95,100,112,111,101,110,109,106
95,110,105,98,109,99,107,106,102,112,104
106,111,102,101,104,103,107,99,112,113,108,100
106,105,109,102,104,108,101,113,112,110,98
111,109,101,106,110,99,105,113
101,103,102,107,113,109,108,104,105
100,111,109,112,110,104,108,105,113,106,102,101
105,103,110,101,102,113,109,107
111,107,109,108,102,106,112,103,110,104
108,104,105,111,106
113,105,104,112,106,108,110
111,108,109,110,107,106,112
109,108,113,107,110,112
108,111,109,112,113,107
112,109,111,113
112,113,110,109,111
111,113
112
104
30

96
Arthingworth,52.42,-0.88
Styrrup,53.40,-1.08
Lower Gornal,52.52,-2.12
Swatragh,54.90,-6.67
Appleton,51.70,-1.35
Carlby,52.70,-0.43
Charlestown,50.33,-4.77
Taxal,53.32,-1.98
Bedwas,51.60,-3.19
Worfield,52.55,-2.37
Aberaman,51.70,-3.43
Stourpaine,50.88,-2.20
Trowse,52.60,1.33
Pateley Bridge,54.08,-1.75
Dodleston,53.13,-2.95
Tibenham,52.47,1.15
Santon,52.45,0.68
Ramsgate,51.33,1.43
Courteenhall,52.17,-0.88
Maenclochog,51.91,-4.79
Langworth,53.27,-0.42
Warfield,51.43,-0.75
Attleborough,52.52,1.02
Harwich,51.95,1.30
East Guldeford,50.95,0.75
Rowlands Castle,50.88,-0.95
Exford,51.13,-3.64
Endfield,51.67,-0.07
Warmley,51.46,-2.46
Starbeck,53.98,-1.50
Somerleyton,52.50,1.65
Wharram,54.07,-0.67
South Witham,52.75,-0.62
Kilclief,54.33,-5.55
Tullich,56.28,-5.10
Storrington,50.90,-0.45
Mossbay,54.63,-3.55
Queensbury,53.77,-1.92
Goodnestone,51.23,1.23
Dunvant,51.62,-4.03
Thurnby,52.62,-1.03
Morston,52.95,0.97
Saint Margarets Hope,58.82,-2.95
Branston,52.78,-1.67
Saint Helens,53.45,-2.73
Ravensworth,54.93,-1.60
Bonar Bridge,57.88,-4.35
Petersfield,51.00,-0.93
Gaywood,52.75,0.43
Flax Bourton,51.42,-2.71
Teffont Magna,51.09,-2.02
Swineshead,52.93,-0.15
Rossington,53.47,-1.07
Fowey,50.33,-4.64
Pyle,51.52,-3.70
New Cross,51.48,-0.03
Partrishow,51.90,-3.05
Ingoldisthorpe,52.87,0.52
Whittingham,55.95,-2.63
Borley,52.05,0.70
Tunstall,51.32,0.72
Nether Wallop,51.12,-1.57
Borgue,58.22,-3.48
Kirton,53.47,-0.60
Bonby,53.62,-0.48
Hindford,52.88,-2.98
Chivenor,51.08,-4.15
Perth,56.40,-3.43
Puriton,51.17,-2.97
Great Witcombe,51.83,-2.13
Stoneykirk,54.82,-4.98
Framfield,50.95,0.13
Hurley,51.53,-0.82
Clapton,51.85,-1.77
Felbrigg,52.90,1.27
West Pennard,51.14,-2.65
Tittleshall,52.75,0.80
Goodleigh,51.10,-4.00
Horninghold,52.57,-0.80
Melchbourne,52.27,-0.48
Tockenham,51.50,-1.93
Poynton,53.35,-2.12
Rait,56.42,-3.25
Podington,52.23,-0.62
South Harting,50.97,-0.88
Nuffield,51.57,-1.03
Gretton,51.97,-1.98
Neilston,55.78,-4.42
Saint Ives,50.21,-5.49
Topcliffe,54.18,-1.38
Burniston,54.32,-0.43
Bower,58.53,-3.32
Great Grimsby,53.53,-0.05
Baumber,53.25,-0.17
Kincardine O'neil,57.07,-2.68
Ravenstone,52.13,-0.75
47,32,87,18,28,75,90,79,26,38,71,41,89,70,80,56,51,5,65,53,50,24,4,27,22,84,59,19,25,67,55,96,9,77,6,69,35,33,30,34,13,64,20,21,45,46,82,68,36,92,66,3,15,7,85,62,73,44,52,60,93,8,37,10,54,40,86,74,49,42
24,79,92,22,43,81,50,3,25,28,74,26,77,53,40,70,72,30,48,64,93,27,16,91,57,15,45,95,18,5,41,69,86,4,88,63,17,73,33,7,82,78,80,71,67,83,10,51,23,84,20,90,55,60
88,83,86,74,41,69,43,65,48,18,16,75,92,10,77,31,7,12,80,39,17,13,91,42,68,85,81,76,15,11,87,40,54,8,70,28,5,30,27,32,45,84,9,47,67,96,33,21,66,23,57,36,49,34,79,35
34,80,66,53,56,74,7,62,79,6,49,96,20,14,72,26,28,40,54,87,25,19,92,95,36,59,63,65,94,57,32,69,5,22,88,48,24,21,16,83,27,35,93,84,9,38,51,30,42,37
29,12,9,13,63,78,69,33,10,61,80,27,36,70,51,52,92,53,94,62,6,26,46,67,81,93,17,34,31,55,57,88,85,47,42,59,25,68,40,19,7,65,54,22,28,37,79,38,8,20,95,84,35,30,39,83,89,75
85,76,67,45,81,39,43,9,41,32,58,78,22,49,36,65,11,91,88,90,86,37,71,59,30,77,73,72,17,34,54,56,66,50,93,7,28,51,55,27,48,87,24,13,14,63,69,61,15,80,38,84,95,42,57,89
82,68,38,69,66,58,56,15,73,18,10,62,49,39,50,70,43,94,8,96,19,13,33,79,91,81,83,76,31,51,90,84,36,37,67,17,25,54,29,63,14,32,80,24,74,46,59,26,61,45,40,78,16,11,35,47,28,27,22
14,74,56,73,87,17,81,53,16,39,38,58,78,29,85,44,22,32,26,28,68,77,72,51,88,63,9,15,54,71,49,92,42,50,43,19,33,25,52,47,36,46,90,76,61,67,23,93,45,91,55,30
90,82,29,88,59,31,25,49,37,55,79,13,36,64,50,66,21,89,43,76,53,51,12,84,75,40,96,67,23,14,65,58,70,73,15,34,85,27,41,83,20,61,80,95,63,72,47,38,35,91,68,10,39,87,86,16,77,81
70,81,94,53,93,67,27,74,18,12,92,77,38,13,37,22,44,62,48,75,40,55,54,57,65,39,16,20,68,46,49,47,87,28,21,80,96,41,82,45,76,26,23,35,34,14,29
69,85,79,43,59,34,13,19,68,67,22,41,17,65,51,92,28,83,74,81,78,84,61,77,63,96,54,93,44,55,47,46,87,91,89,14,18,15,64,72,40,66,76,62,88,58,32,73,45,16,38,24,48,49,80
68,45,49,52,20,23,15,63,88,50,78,25,56,18,73,60,90,93,17,72,75,31,30,21,58,81,64,65,69,37,55,57,87,80,43,29,66,51,14,54,22,28,41,13,61,94,33,67,26,59,48,47,84,34,40,24,70,76,46,36,79,77
60,68,50,54,45,65,96,44,47,24,25,74,69,92,75,53,85,35,63,42,93,90,86,61,57,29,66,18,23,19,72,41,38,49,81,14,31,83,52,21,28,26
92,77,34,71,30,24,25,56,31,39,91,82,49,32,70,36,68,52,37,40,67,45,47,66,35,59,60,19,87,26,22,79,21,16,18,62,23,53,61,85,74,17,81,83,78,73,44
47,96,69,92,48,89,56,30,57,91,74,75,54,44,55,80,28,70,79,65,87,23,94,38,76,34,26,39,22,49,53,77,25,93,63,85,82,42,51,27,45,17,95,71,66,61,46,31,21,60
67,50,54,31,38,58,72,56,86,19,26,71,60,82,70,66,37,28,32,90,89,68,49,33,65,29,55,94,41,39,20,62,48,73,78,63,21,74,18,24,76,91,57,81,83,96,75
63,44,32,79,54,70,33,49,72,28,45,60,40,71,94,31,46,34,93,36,85,52,47,64,35,51,76,20,23,84,62,42,57,86,75,29,53,83,80,61,55,66,96,73,26,77,38,22,56,24,90,19
30,36,75,34,88,27,49,38,50,94,57,52,46,59,65,93,82,70,29,95,33,86,24,76,90,89,31,44,22,92,26,77,28,71,83,84,20,81,85,51,64
35,63,51,55,88,26,90,78,85,65,22,37,91,71,80,69,95,92,40,48,72,29,53,66,21,47,67,82,32,28,54,24,81,73,39,83,61,56,45,33,38,57,76,49,77,84,30
90,22,31,78,77,93,29,81,33,65,62,82,36,60,28,76,44,37,35,73,51,25,39,68,95,94,88,41,42,64,61,46,75,30,84,96,21,69,63,66,54,27,43,72,45,89,79,85
55,94,36,30,50,37,27,48,71,46,69,32,51,52,89,73,26,64,62,33,95,40,66,83,67,70,93,87,92,54,23,84,63,47,79,90,29,76,53,60,42
57,56,86,65,39,35,54,73,62,68,45,48,71,53,32,29,33,89,95,78,79,31,88,60,77,50,49,61,24,28,76,38,91,66,72,96,63,52,44,46,83,41,59,27,43
49,82,64,38,32,27,59,50,81,66,76,54,39,33,40,36,61,79,84,47,74,96,95,88,56,94,25,52,57,91,68,45,65,78,86,30,87,29,73
62,86,38,54,27,49,87,65,39,32,48,92,67,77,42,68,50,88,28,89,40,57,35,64,58,60,47,70,69,66,83,29,31,80,63,44,79,71,52,74,61,94,37,78,73,26,45
96,76,50,78,73,89,83,84,65,80,70,38,69,59,81,49,43,40,32,57,53,90,37,56,45,72,71,61,82,64,36,94,51,68,58,39,62,54,55,93,34,87,29,66,75,67,28
92,67,44,96,51,70,71,48,52,36,39,74,75,80,65,55,35,94,84,42,93,82,89,69,81,28,53,61,59,27,86,50,73,30,85,33,56,76,49,77,95
69,61,29,95,35,33,50,38,70,48,90,85,64,54,88,80,71,37,53,32,49,59,46,63,73,51,83,39,65,81,74,57,72,56,93,87,67
41,76,89,94,88,68,83,87,29,47,42,84,80,45,38,61,70,55,92,30,56,64,50,74,40,72,60,95,63,46,82,57,36,73,48,81,79,65,86,85,96,43
67,42,37,45,35,73,84,33,81,88,58,93,85,52,72,76,39,44,96,66,57,38,68,69,56,61,43,74,50,53,36,34,48,91,71,54,64,78,41,75
83,84,60,50,77,80,41,91,58,55,46,48,35,81,32,43,63,95,79,57,47,36,62,71,74,82,34,64,56,49,37,78,52,33,53,67,69
44,47,69,39,50,65,82,68,41,78,55,66,84,49,62,67,76,91,38,36,80,87,86,45,74,33,43,79,71,83,57,37,70,53,90,32,40
82,95,39,84,59,81,50,42,37,55,43,69,49,61,72,60,75,86,91,71,51,88,80,45,52,33,68,64,94,46,34,44,36,83,74,57,63,47,78,53,96,62,73,87
77,70,84,38,46,93,54,90,86,47,82,42,35,49,96,56,85,55,62,41,94,59,80,34,67,63,72,51,92,95,66,40,64,83,76,79,88,81
76,95,52,40,54,68,36,48,49,78,94,73,75,64,45,53,63,89,83,35,43,82,58,93,65,59,87,39,47,90,77,70,91,84,85,57
66,62,89,68,92,56,82,44,50,59,48,91,72,63,39,75,38,36,43,57,83,64,81,96,60,69,85,49,55,52
58,47,76,40,54,84,37,44,72,61,94,38,57,63,69,68,78,64,73,95,66,71,41,85,81,93,46,86,42,43,77,96,51
90,79,71,56,91,70,66,42,62,89,40,68,77,96,85,61,46,39,45,73,94,84,41,81,82,57,59,87,43,63,74,53,83,44,75,51,69,55,65,48,78,38,54,86,58
90,79,87,51,78,76,70,58,80,48,81,72,77,85,47,96,61,68,65,53,39,64,63,88,94,89,44,46,54,82,60,56,45,83,92,74,52
41,52,61,78,49,59,54,77,92,88,64,63,73,91,66,43,76,82,58,83,95,50,89,94,57,87,68,40,72,74,79
86,88,77,62,46,54,57,75,60,58,78,61,49,55,59,76,70,56,69,90,92,44,53,48,68
84,65,91,63,87,68,52,61,78,50,92,90,55,60,47,54,80,81,57,85,77,67,95,46,56,86,64,49,53,79,43,44
43,78,52,47,45,46,50,68,67,84,87,62,58,86,60,74,93,70,65,48,69,54,83,80,49,85,66,53,92,89,96,56,63,75,57
44,60,76,59,88,46,93,66,52,92,90,63,57,86,77,51,71,53,65,95,81,68,54,83,64,69
45,55,54,81,95,67,82,87,64,66,60,47,80,83,86,91,57,77,50,79,48,69,56,49,88,61,96,71,84,58,72,75
46,64,88,90,75,93,84,52,96,67,59,54,66,76,94,72,79,53,58,91,50,80,95,63,56,92,69,73,78,51,86
96,77,64,60,81,51,89,94,66,82,80,50,71,59,79,91,63,61,74,90,70,86,48,88,55,67,52
54,56,96,57,94,62,79,85,92,50,82,53,69,78,88,55,76,70,90,59,77,89,86,67,49,51,95,65
72,65,86,66,93,87,63,64,61,85,73,50,59,83,71,70,55,89,96,92,74,68,75,51,62,82,56,80,54,49
84,82,63,66,88,91,54,93,77,58,60,86,70,72,55,53,92,67,76,68,96,79,51,62,75,73,59,64
90,51,93,64,60,79,73,70,83,56,84,68,59,74,71,88,65,72,63,95,53,57,92,81,52,61,94,89,76,96,78
80,65,63,57,79,68,91,94,55,73,69,93,82,59,62,60,92,77,78,72,88,56,64,52,58,67
92,58,82,93,88,77,89,63,73,59,54,76,57,80,66,69,81,84,62,95,60,85,70,75,96,74,64,65,56
54,91,89,94,70,65,55,63,57,73,80,79,56,86,62,83,74,67,64,71,61,60,95,82
74,72,80,65,82,90,81,56,66,76,95,60,75,62,70,68,84,69,61,63,88,58,71,94,85,96,87
78,73,80,86,79,57,56,64,71,61,68,62,95,66,77,75,92,65
72,83,82,89,77,62,59,73,65,80,92,74,63,57,76,84,81,68,69,75,71,61,66,90,93,94,70,96
83,78,66,94,87,74,88,82,95,70,92,68,63,86,93,79,81,72,62,61,84
94,75,85,86,67,71,89,87,78,93,82,95,96,68,92,70,69,74,88,84,64,79,91
68,72,91,96,87,71,76,62,67,94,90,66,78,69,70,74,64,79,82,63,85,73
95,64,66,82,72,76,90,93,85,84,92,78,69,65,91,71,73,61,74,96
89,87,70,76,66,84,77,85,79,72,82,75,83,71,73,95,96,64,69,67
96,77,80,89,86,88,90,91,70,81,82,67,83,94,93,85,68,71,78,69
75,84,87,79,95,86,68,82,94,81,77,71,64,73,66,65
70,86,81,91,92,77,89,80,69,67,85,78,84,74,79,65
89,77,81,82,75,68,83,88,67,79,66,80,73,95,96,94,72,74,71,93
89,73,86,93,96,69,79,75,77,87,82,71,70,95,81
69,90,84,93,81,71,82,87,80,92,75,70,76,95,91,72
81,88,79,80,72,96,84,78,69,70,89,83,71,86,95,85,90,77,92,76,73,91
88,72,94,73,89,70,81,91,85,87,86,93,74,84,96,78,95
96,76,71,85,78,90,80,89,82,77,84,95,86,83,87
88,89,87,72,76,96,81,92,83,91,82,80,95,77,94
85,74,95,88,94,76,96,83,92,81,90,91,78
90,77,89,87,95,75,78,94,83,85,81,82,93,86
78,80,85,95,75,88,90,93,94,89,83,77,79
94,77,88,76,89,81,80,86,79,92,91,83,82
83,96,94,85,87,93,81,89
81,84,96,78,87,85,91,79,93,92,80,88
96,80,93,87,82,79,94,90,81,95,84,88,89,92,83
82,89,83,84,91,92,86,90,87,85,80
87,91,88,86,94,95,93,90,92,83,84
89,83,96,87,82,94,95,84,88,86
96,90,93,94,89
92,87,88,96,90,94,95,93,85,84
86,90,93,88,92,91,95
86,91,93,96
88,90,89,93,95,87
96,93,90,89,95,94,88
93,94,95,96,92,91
90,92,94
92,96,95,91
93,92,96,95
95,93,94
95,96
96,95
34

