114
Petersfield,51.00,-0.93
Llanerfyl,52.67,-3.43
Heeley,53.35,-1.47
Stonewood,51.43,0.28
Great Chart,51.13,0.83
Monks Risborough,51.72,-0.82
Shirland,53.12,-1.40
Cheriton Bishop,50.73,-3.73
Bayford,51.75,-0.10
Wilcot,51.33,-1.80
Ardglass,54.27,-5.60
Cratfield,52.33,1.38
Chilcomb,51.05,-1.27
Pampisford,52.12,0.18
Willey,52.58,-2.48
Pontneddfechan,51.76,-3.60
Cwm-y-glo,53.13,-4.17
Great Bridgeford,52.83,-2.17
Colney Heath,51.73,-0.25
Lampeter,52.12,-4.07
Thorrington,51.85,1.03
Cropwell Butler,52.92,-0.98
Newhouse,55.82,-3.87
Burton Fleming,54.12,-0.33
Debden,51.97,0.27
Linley,52.58,-2.43
Harston,52.13,0.08
Inverurie,57.27,-2.37
Biddulph,53.12,-2.17
Reculver,51.37,1.20
Upton Warren,52.30,-2.10
Earsdon,55.06,-1.55
Carlton Scroop,52.98,-0.60
Cwmfelin Boeth,51.83,-4.62
Great Baddow,51.70,0.50
Shocklach,53.03,-2.83
Kedington,52.08,0.48
Wednesbury,52.55,-2.02
Tamerton Foliot,50.43,-4.15
Dilwyn,52.18,-2.87
Chittlehamholt,50.97,-3.92
Cote,51.20,-2.94
Great Missenden,51.70,-0.70
Kilfinan,55.97,-5.33
Glemham,52.20,1.43
Lythe,54.50,-0.68
Esh,54.78,-1.70
Earle,55.52,-2.02
Thornhaugh,52.60,-0.42
Youlgreave,53.17,-1.70
Bilton,52.35,-1.28
Stanford Rivers,51.67,0.22
Romaldkirk,54.58,-2.00
Thorner,53.85,-1.42
Awsworth,52.98,-1.28
Wealdstone,51.58,-0.28
Mousehole,50.08,-5.53
Aydon,54.98,-1.98
Rothersthorpe,52.20,-0.95
Atherstone,52.57,-1.55
Childrey,51.58,-1.48
Lidgate,52.18,0.52
Colvend,54.87,-3.77
Layham,52.02,0.97
Charney Basset,51.63,-1.45
Dunbog,56.33,-3.15
East Winch,52.73,0.50
Chapelton,55.72,-4.08
Ystalyfera,51.75,-3.78
Southend,55.32,-5.63
Graveley,51.93,-0.20
Coull,57.10,-2.80
Cranswick,53.95,-0.43
Carburton,53.25,-1.08
Buckland,51.67,-1.50
Damerham,50.93,-1.85
Salperton,51.87,-1.88
Bicknacre,51.68,0.58
Sigglesthorne,53.90,-0.23
Sefton,53.50,-2.97
Reddish,53.43,-2.15
Blackrod,53.58,-2.58
Besford,52.10,-2.13
Bracknell,51.42,-0.75
Lossiemouth,57.70,-3.28
Black Torrington,50.82,-4.18
Taibach,51.58,-3.77
Dolbenmaen,52.97,-4.27
Faulkland,51.29,-2.38
Hamilton,55.77,-4.03
Renton,55.97,-4.58
Earswick,54.00,-1.05
Hallow,52.22,-2.25
Crowcombe,51.12,-3.23
Buxhall,52.17,0.93
Rowhedge,51.85,0.95
Somerby,52.67,-0.83
Cameron,56.30,-2.83
Kirkton Of Tealing,56.53,-2.97
Brill,51.82,-1.05
Saron,51.79,-4.03
Orgreave,53.38,-1.37
Pwll,51.69,-4.20
Hyde Park,54.67,-6.00
Rawcliffe,53.68,-0.95
Aberdovey,52.55,-4.03
Gloucester,51.83,-2.25
Bicker,52.92,-0.17
Kingsteignton,50.55,-3.58
Horden,54.75,-1.28
Ecchinswell,51.33,-1.27
Blundellsands,53.48,-3.05
Shotts,55.83,-3.85
Darvel,55.58,-4.28
105,9,59,43,94,2,75,24,86,67,68,11,93,19,29,113,63,58,39,110,46,69,25,42,108,17,62,87,72,38,23,111,106,109,55,65,7,31,52,15,40,32,54,41,103,79,97,57,66,64,73,95,81,34,101,71,16,12
60,74,71,111,52,53,40,46,101,109,98,97,57,88,9,72,27,58,64,73,45,14,44,59,11,24,17,38,82,33,62,100,91,78,63,16,56,8,36,102,103,76,99,39,10,79
27,54,56,45,57,58,80,21,78,55,28,61,22,49,71,35,92,89,37,12,17,69,83,100,31,60,36,63,4,97,47,23,30,68,108,95,6,91,15,85,43,7,84,113
46,26,40,84,103,50,9,102,57,39,71,65,104,42,21,43,86,90,106,80,33,68,60,72,25,85,75,73,100,15,81,83,52,67,112,29,105,8
78,71,56,90,80,13,47,74,30,54,70,97,94,100,91,62,49,88,18,68,64,92,41,77,22,61,36,37,69,42,86,93,15,84,46,111,81,65,6,106,110,104,10,34,9
17,103,57,39,109,22,42,49,91,37,96,53,18,10,80,110,43,25,48,9,101,38,14,72,77,16,61,78,13,64,35,68,55,33,95,102,76,81,60,12,32,98,83,100,112,44,66,111
35,61,105,90,110,79,114,51,93,80,11,53,85,69,107,54,103,72,55,96,29,31,74,86,65,82,78,59,99,39,40,83,8,77,104,27,98,106,37,32,109,33
91,66,19,100,103,32,75,18,82,64,25,86,55,27,104,101,9,23,14,30,71,95,33,74,35,53,76,102,37,52,49,84,88,29,89,90,105,39,12,81,15,13,54,34,67,87,94
24,49,52,57,31,83,41,81,102,75,43,88,12,16,47,107,63,33,39,17,23,89,11,106,74,112,40,38,104,14,56,65,92,80,29,18,68,22,25,59,103,62
114,31,77,38,92,100,94,44,56,101,14,83,68,25,37,41,59,33,108,15,60,13,105,29,36,48,106,74,40,71,51,58,11,86,22
99,33,111,28,38,19,35,104,109,103,16,55,77,49,41,112,47,92,75,80,114,110,45,27,78,56,73,65,34,71,53,67,76,29,57,51,88,48,106,30,58,13,90,59
35,84,80,29,43,25,82,51,110,60,40,47,70,65,90,112,24,85,76,20,74,63,72,21,101,13,107,33,73,23,57,53
98,45,111,43,23,83,87,55,26,42,67,36,105,81,79,34,97,102,88,91,78,33,19,95,93,76,51,48,63,29,71,41,31,112,60,40,28,22
56,112,92,85,105,109,88,100,69,73,50,96,45,29,107,39,44,47,70,72,65,79,43,90,26,57,74,94,31,95,97,84,33,24,104,113,59,53,35,77
19,43,104,57,31,73,55,98,50,102,78,27,92,75,110,66,84,113,58,85,35,53,114,49,17,97,89,24,34,109,67,45,70,82
106,77,60,38,93,101,37,27,51,74,50,58,87,52,67,48,78,85,39,62,35,18,59,24,22,53,33,109,43,92,114,88,41,30,61,84
36,46,66,45,40,79,49,109,42,71,67,86,30,100,23,21,19,41,55,52,105,33,26,83,99,47,106,91,22,111,34,68,28,81,98,50,35,51,85,93,37,38,54
19,73,103,29,63,31,77,66,84,23,64,53,35,89,78,40,22,106,41,100,90,111,104,87,69,110,76,114,105,113,45,102,42,99,67,82,57,20,47,80,26,27,60,51,59
76,51,60,75,50,69,33,52,42,70,86,103,101,109,20,26,31,108,97,54,21,100,46,34,28,41,89,81,71,58,23,65,56,45
68,85,55,44,96,100,48,92,82,21,84,114,104,59,49,57,26,76,107,45,64,36,52,24,103,35,54,71,60,42,34,90,79,43,94,87,46,95,99,74
31,91,33,71,70,108,26,42,78,24,28,110,104,58,80,81,30,111,105,68,100,62,51,41,61,47,74,95,77,23,45,56,22,103,90,55,65,63
63,26,46,93,33,83,112,100,45,102,50,28,68,98,99,77,51,95,110,105,42,82,104,54,49,73,85,89,88,109,111
107,30,34,79,95,24,54,31,77,86,74,49,109,112,113,75,37,38,84,28,47,50,96,29,100,114,80,85,83,99,45,41,60,70,98,52,61
62,97,46,43,74,37,41,104,86,106,32,112,113,67,70,65,94,82,85,47,78,29,42,102,76,63,57,84,39,108,73,90,69
29,107,37,84,52,82,92,113,48,110,102,98,60,112,40,56,88,32,33,96,114,58,101,49,45,39,64,54,30,83,72,73,53,35,105,43,71,34,62,87,109,57,106,66,99,51
104,62,105,73,30,72,103,34,80,47,55,32,42,35,89,113,114,69,77,29,43,71,85,99,92,112,90,94,51,110
49,82,102,52,30,33,46,76,68,97,77,41,34,73,55,39,95,107,47,110,89,37,78,40,67,36,109,60,31,28,105,91,65,80,98,112,111,53,85,54
46,95,42,104,93,82,96,65,31,110,63,67,79,71,38,52,87,86,84,108,74,55,37,57,112,105,68,91,89,94,72,81,41,97,64,56,77
53,64,98,110,47,80,34,36,44,75,54,50,42,41,82,89,38,79,67,83,30,77,48,71,62,78,112,86,85,73,100,31,101,81,104,108,96,33
48,99,73,78,84,60,103,46,100,105,111,82,108,61,104,97,101,106,80,38,52,34,87,42,71,64,95,109,66,77,107,32,98,50,40,33
105,42,45,73,101,71,57,66,67,50,85,46,34,98,88,103,99,106,51,72,58,61,40,54,60,78,63,36,83,35,82
62,47,57,102,55,61,96,112,45,53,60,64,71,103,84,70,59,74,100,39,97,69,75,92,99,58,82,46
106,108,50,68,63,107,114,113,91,99,95,69,79,54,102,37,46,80,40,105,101,34,94,110,89,83,97,35,76,55,81,48,87,57,109
83,88,44,94,109,106,87,38,105,89,53,48,66,72,63,90,46,113,75,61,100,42,71,62,80,57,41,59,58,93
68,75,60,36,51,102,103,57,40,111,110,76,78,64,47,81,97,56,65,101,74,70,114,113,52,77,88,38,50,59
61,74,78,108,51,69,113,87,50,37,77,83,71,59,110,60,91,76,68,86,90,92,45,42,44,64,114,89,41,85,75
107,74,64,62,69,95,77,93,114,111,86,100,50,92,66,44,58,56,67,103,55,78,89,82,38,51,109,41,75,102,70,59,49,73
44,43,39,113,66,109,102,48,49,88,79,107,104,40,95,45,42,83,89,46,68,81,98,70,91,60,59,71,105,112,101,97
51,87,107,86,66,49,69,53,60,91,62,63,76,93,45,105,92,68,108,54,73,81,46,55,100,98,41,71,57,59,42
87,56,44,80,55,95,100,88,58,92,93,101,94,48,73,86,60,68,76,90,54,91,62,72,75,83,51,49
68,91,54,100,66,58,60,50,92,101,105,52,72,102,93,83,67,106,96,59,69,95,63,44,82
108,104,84,99,79,68,54,70,50,51,98,80,75,67,83,101,55,92,107,47,57,43,63,69,48,81,53
95,89,64,74,69,105,68,86,90,113,78,84,46,75,97,114,70,51,98,107,109,66,88,65,94,73,85
71,85,73,87,114,103,58,110,75,89,101,72,45,111,80,95,84,94,97,59,53,96,113,51,86,98,93,109,55,70
70,58,91,54,74,67,97,56,47,65,77,50,61,85,90,48,109,99,111,78,79,46,95,98,57
98,66,62,96,97,88,108,90,53,59,51,102,54,110,93,92,105,86,60,79,103,106,99,94,57,78,111,73,65,52,84,47,64,101,107,61,69,114,56
77,56,97,92,73,84,98,59,69,57,86,82,87,60,114,70,99,96,79,105,75,64,95,80,85,103,106,101
84,93,88,56,61,82,102,87,100,70,67,95,105,74,68,52,69,64,109,71,97,62,63,53,103,75,66,51,72,99,113,114
106,84,102,68,113,108,53,100,58,69,80,111,72,76,77,75,109,90,110,107,81,82,89,60,74,78,86
95,73,86,63,80,87,83,62,91,76,103,79,90,64,66,61,98,71,100,81,111,102,68,113
87,59,78,62,63,94,112,52,104,100,85,84,53,80,54,82,71,64,108,114,110,69,70,103,77,72,101,111,86,73,93
90,54,107,76,67,113,72,111,65,64,95,71,108,106,110,86,100,56
87,89,104,71,83,98,97,82,93,76,102,70,55,67,86,63,69,66,77,65,79,62,91,108
88,103,99,63,59,64,57,85,84,61,81,60,69,74,78,82,110,113
100,56,106,92,78,89,87,66,108,98,64,70,111,109,57,113,76,72,68,103,97,59,84,63
66,65,110,113,83,89,68,57,76,80,77,67,94,96,61,103,107,104,91,108,63,86,79,88
66,86,80,96,85,59,60,91,76,112,101,70,107,73,64,113,106,109,95,71,97,114,69,81,110,111,108
61,91,67,100,73,66,82,74,105,89,99,109,60,68,84,94,110,88,72
64,61,107,74,100,75,87,99,81,84,80,83,102,68,77,94,62,95,65,66,89,90,104,76
93,104,110,66,64,98,100,111,95,112,74,89,106,99,80,75,81,109,107
85,67,99,80,96,90,71,64,103,66,91,81,92,73,97,108,100,114,98,112,93,106,75,63,107
69,106,91,108,104,66,101,87,81,110,99,83,76,102,65,64
65,78,102,85,98,103,66,89,69,110,105,93,87,99,108,109,71,75,67,94,77,106,96,76
81,92,112,113,106,90,70,75,87,72,111,79,97,71,99,77,82,103,108,74,86,114
102,106,107,101,89,75,85,80,112,110,78,86,76,82,88
108,96,69,86,94,112,106,114,83,105,89,85,68,109,82
84,73,87,106,108,95,112,69,90,88,77,68,81,96,103,105,94,74,109,83,70
80,72,95,106,88,94,99,91,75,101,108,96,70,76,98,111
104,83,93,109,100,95,91,92,88,79,84,107,98,72,101
94,103,85,96,83,114,90,113,110,97,72,89,71,100,99
81,112,82,95,80,92,91,79,77,90,104,73,96,88,94
92,107,105,85,83,98,102,100,88,97,78,96,93,106
96,92,84,77,88,110,82,93,95,90,109,102,87,108,94
83,95,85,105,89,102,88,98,97,92,114,111,99,77,86,110,84,113,112,103
114,99,109,111,103,85,84,86,80,112,106,82,113,81,89,93,105
85,111,93,101,82,92,95,106
113,87,94,92,81,95,101,79,90,97,107,91,104,84,98
114,97,107,85,111,84,86,95,88,109,94,90,99,83,108,112
88,82,110,95,101,114,87,113,97,96,109,100,83,93,107,111,102,94
88,87,83,102,97,81,82,106,105,89,114,100
102,87,110,96,84,82,91,95,101,98,97,89,105,85
103,102,93,87,109,99,106,105,94,91,86,85,101
98,114,99,112,101,92,105,109,88,93,110
89,104,96,86,113,98,92,112,93,111,88,105,109,95
97,114,111,105,92,91,110
100,103,104,93,102,108,111,96,88,97,107,95,110,109,113
90,113,106,98,89,107,88
107,89,98,94,109,105,113,114,104,102
111,93,102,109,101,104,112,108,103,97,90,107,92,91
99,106,102,101,98,94,113,93
94,110,92,102,100,97,108,103,93
106,113,114,103,107,100,93
97,113,98,103,106,110,96,105,101
105,112,104,114,110,103,98,111,106
101,108,104,107,100,112,97,106,110
107,98,105
109,110,105,113,104,100
109,110,101,111,102,107,106
100,103,108,101,112,102
112,102,106,108,111,107,109,113
102,111,114,103,112
113,112,103,110,106
110,107
107,112,113,110,114,108,105
112,110,106,113
108,112
114,113
111,109,110
114,111
112,111
112
114,113
77

109
Denver,52.58,0.38
Rudyard,53.12,-2.07
Rasharkin,54.95,-6.48
Nympsfield,51.70,-2.29
Gateforth,53.75,-1.15
Llandogo,51.73,-2.69
Weston Turville,51.78,-0.75
Kington Saint Michael,51.50,-2.14
Ellastone,52.97,-1.82
Millford,54.33,-6.68
Wherstead,52.02,1.15
West Woodhay,51.37,-1.43
Thorp Arch,53.92,-1.33
Fulbourn,52.18,0.22
Cefneithin,51.80,-4.10
Dulverton,51.04,-3.55
Marshfield,51.53,-3.07
Sollom,53.65,-2.83
Lydiard Tregoze,51.55,-1.85
Diss,52.38,1.12
Inverurie,57.27,-2.37
Saint Fergus,57.55,-1.83
Beaminster,50.80,-2.75
Brushford,51.02,-3.54
South Normanton,53.10,-1.33
Tintinhull,50.97,-2.72
Saxton,53.82,-1.28
Hemingby,53.25,-0.15
Romford,51.58,0.20
Fetterangus,57.55,-2.02
Rosemount,56.57,-3.28
Moreton,53.40,-3.12
Cwm-y-glo,53.13,-4.17
Neenton,52.48,-2.53
Beanacre,51.40,-2.14
Gifford,55.90,-2.73
Wormingford,51.95,0.82
Winterton,53.65,-0.60
Stowford,50.65,-4.22
Glenmore,56.68,-5.95
Little Brickhill,51.97,-0.67
Sorbie,54.78,-4.43
Manton,53.52,-0.60
Lanreath,50.38,-4.57
Burgh Le Marsh,53.15,0.25
Dagenham,51.55,0.17
Upper Sundon,51.93,-0.47
Sandleheath,50.88,-1.82
Oyne,57.32,-2.53
Flushing,50.15,-5.07
Mansfield Woodhouse,53.17,-1.20
West Malling,51.28,0.42
Strood,51.38,0.50
Nigg,57.72,-4.00
Standish,53.58,-2.67
Crossbost,58.12,-6.43
Clapton In Gordano,51.46,-2.76
Coltishall,52.73,1.37
Burghfield,51.40,-1.03
Castle Acre,52.70,0.68
Burslem,53.05,-2.18
Galloway,55.07,-4.15
Cuminestown,57.53,-2.33
Cromarty,57.67,-4.03
Bootle,53.47,-3.02
Eglinton,55.02,-7.18
Grangemouth,56.02,-3.73
Ulpha,54.32,-3.23
Aberfeldy,56.62,-3.85
Ovingham,54.97,-1.87
Gullane,56.03,-2.82
West Looe,50.40,-4.42
Doune,56.20,-4.08
Gravesend,51.43,0.37
Hodbarrow,54.20,-3.25
Banham,52.45,1.03
Ashford Carbonell,52.33,-2.70
Balkholme,53.73,-0.82
Lower Froyle,51.18,-0.92
Shipton Moyne,51.60,-2.16
Toome,54.75,-6.45
Langtree,50.92,-4.20
Bickerstaffe,53.52,-2.83
Kineton,51.93,-1.85
Kislingbury,52.22,-0.97
Withnell,53.70,-2.55
Drayton Bassett,52.60,-1.72
Hascombe,51.13,-0.57
Edworth,52.05,-0.20
Edwin Loach,52.22,-2.50
Middle Wallop,51.13,-1.58
Dunbar,56.00,-2.52
Bloxham,52.00,-1.37
Kiddemore Green,52.68,-2.22
Greetland,53.68,-1.87
Hambleden,51.57,-0.87
Catwick,53.88,-0.28
Presteigne,52.28,-3.00
Auchtermuchty,56.28,-3.22
Axford,51.18,-1.12
Mansthorpe,52.72,-0.42
Knutsford,53.30,-2.37
Coalport,52.62,-2.45
Draperstown,54.80,-6.77
Nisbet,55.52,-2.52
Petham,51.22,1.05
Dundonald,55.57,-4.58
Letheringsett,52.90,1.07
Hednesford,52.70,-2.00
14,10,44,18,53,46,25,13,102,43,58,37,15,19,99,69,95,6,12,98,27,24,38,52,88,50,47,21,61,107,60,109,92,64,97,81,105,8,11,59,40,77,35,96,57,49,75,82,65,83,66
73,41,104,75,45,56,47,15,19,48,18,80,21,42,85,55,103,76,70,25,83,29,109,64,27,92,5,12,107,94,40,72,102,105,86,84,30
26,82,62,29,74,95,87,75,47,105,94,107,27,18,80,65,71,92,101,39,5,93,109,19,52,60,73,98,97,14,54,46,9,64,67,58,11,16,106,85,57,50,44
70,19,38,103,83,36,96,61,35,26,45,40,21,53,44,98,13,58,80,23,46,17,52,73,28,10,84,29,37,15,89,90,55,105,20,34,56,5,102,104,86,72,27,12,76,54,16,32,74,81,8,82,107,50,69,108
101,10,86,40,26,8,99,106,51,66,103,94,102,87,44,97,13,35,18,81,41,105,74,95,7,31,49,52,17,77,50,88,55,70,85,20,38,57,89,109,47,90,79,34,54,22,9,19
48,70,37,95,59,12,16,60,73,52,79,62,93,63,98,101,36,27,39,108,43,96,56,77,109,54,41,84,89,7,24,80,55,100,58,8,47,72,99,26,30,14,46,49,29,86
89,109,60,42,83,58,85,69,44,105,103,50,98,55,61,54,77,12,48,23,17,101,78,95,70,90,18,27,66,30,82,34,8,28,39,32,43,107,71,53,26,108
34,67,54,31,20,13,108,23,84,97,51,66,101,53,87,26,88,102,109,77,61,37,90,41,80,48,22,10,78,107,12,82,59,62,91,35,32,68,15,40
102,55,54,96,74,35,16,23,45,59,71,70,72,26,51,22,24,37,36,42,12,85,49,38,27,43,28,14
88,31,14,34,85,98,56,11,66,73,76,47,26,45,30,84,48,65,105,90,32,95,41,81,46,35,69,57,107,50,52,39,42,108,93,67,77,16,40,51,59,100,24,18,21,44,70,22
62,13,55,21,83,19,53,18,94,63,28,75,43,71,30,56,37,32,16,76,68,44,40,38,109,24,25,20,14,73,107,54,105,72,93,41,65,80,51
36,63,64,67,86,97,94,18,105,68,83,26,52,28,60,53,95,27,72,51,43,103,71,65,48,13,102,92,17,55,15,89,22,76,35,85,25
39,22,49,50,59,66,68,61,47,107,23,43,88,106,105,57,62,21,46,40,52,74,29,14,20,97,79,99,92,91,93,81,83,53,36,76,25,78,96,54,72,104
84,65,43,75,46,49,57,90,91,31,78,101,16,27,98,70,71,89,50,34,19,74,102,18,69,25,51,93,67,73,38,96,92,100,30,53,20,99,24
84,95,42,82,32,94,36,76,38,100,18,39,53,99,48,102,93,34,41,81,98,70,25,54,63,59,37,67,106,30,71,44,51,46,28
61,105,86,82,56,34,50,65,42,18,47,44,24,71,91,39,77,88,72,53,78,75,28,60,79,69,87,62,80,27,103,54,92,85,32,30,106
53,103,42,33,74,107,92,100,44,45,98,35,49,60,36,105,66,40,58,109,104,47,85,26,19,96,32,61,90,72,84,59,28,30,48,34
50,36,27,54,68,95,82,59,23,63,38,40,108,33,42,32,71,67,46,45,58,51,22,81,62,70,87,64,57,55,72,78,44,30,97,106
99,37,109,52,22,51,47,97,104,102,48,30,27,57,45,76,29,39,83,85,33,75,20,21,92,81,93,80,107,53,44,95,101,98,50
56,54,61,53,21,99,97,87,71,76,88,83,57,25,86,58,42,46,95,34,89,70,65,109,63,93,55,98,41,59,82,74
49,62,97,92,80,30,61,58,22,70,39,54,44,79,69,51,63,104,67,32,100,40,75,57,72,48,91,31,103,82,37,55,88,46,73,86
104,103,30,26,82,29,102,58,52,75,67,107,27,100,57,64,25,40,69,95,36,65,87,76,55,78,33,70,38,31,51,44,108,59,79,97,53,105,47,23,34,90
60,101,67,85,55,80,56,84,66,98,54,50,103,93,36,48,99,52,57,97,32,64,108,24,63,45,96
69,36,71,34,79,58,74,68,63,60,86,76,89,62,51,64,39,99,105,45,25,92,73,91,54,48,67,43,85,87,78,98,109,72,101,108,40,38,95,37,104,41
91,74,29,34,33,42,38,108,72,39,35,86,43,30,78,77,52,80,87,60,26,98,104,96,50,109,54,70,75,83,62,81
30,60,39,104,51,97,85,35,43,49,89,88,54,73,76,58,36,90,44,31,42,84,78,59,46,98,95,105,29
105,52,36,72,31,104,30,85,86,108,33,38,59,75,91,68,81,100,109,66,28,44,41,58,63,60,37,101,97,49,92,79,96,43,34,50
56,58,72,107,70,77,79,30,39,102,50,98,81,106,93,76,69,45,92,36,43,88,41,40,51,74,65,35,83
52,49,81,31,72,68,39,53,54,79,57,65,43,80,91,87,105,58,62,103,83,55,35
89,71,79,52,42,70,73,87,80,39,100,38,74,65,35,105,64,75,44,58,51,97,101
51,67,45,74,102,73,80,32,57,34,85,54,87,92,64,109,75,83,48,40,33,86,96,78
52,72,100,33,78,80,68,60,84,81,73,66,36,102,63,70,58,59,85,89,93,48,74,94,35,55,95,105,38,44,41,53,108,82,90,107,101
97,89,73,98,77,47,85,57,101,36,88,82,49,43,78,75,105,76,108,109,84,60,70,72,90,51,64,102,42,107
57,44,75,49,55,50,70,52,58,39,51,106,47,38,36,69,81,68,78,98,46,102,60,85,101,108,99,107,95,94,86,71,77,37,103,100
99,109,75,66,101,78,84,65,87,90,82,93,100,86,40,45,37,89,38,81,56,83,68,47,96,74,60
55,98,91,97,101,88,102,70,109,107,86,94,77,100,103,44,72,71,50,51,92,81,38,58,93,83,37,84,99,47
95,107,45,61,70,44,97,79,50,106,92,43,40,108,54,78,53,80,75,48,66,83,90,63,76,89,86,102,104,73
89,82,92,106,83,44,53,67,74,43,84,49,81,94,98,75,109,80,56,73,102,108,91,86,62,103
61,84,71,86,50,81,48,44,97,64,55,82,56,78,51,88,53,106,45,109,99,41,89
65,63,60,78,49,53,42,93,88,48,74,54,44,72,87,82,109,52,56,96,99,83,84,62,106,77,97,86,58,85,92,69,80
98,85,54,64,69,51,76,70,79,109,82,92,81,71,93,77,103,55,68,106,42,45,46,100,44,90,99,49,95,105,63
72,91,70,78,69,98,71,93,85,68,105,95,52,89,108,48,104,43,67,49,60,54,64,102,47,51,74
55,105,50,47,86,84,107,74,94,85,80,101,98,91,44,93,103,92,45,82,59,58,51,77,73,88,60,67,97,102,64,109,62
92,63,57,108,58,85,84,94,87,78,105,64,95,48,86,109,72,89,69,65,61,50,107,59
81,52,84,105,101,77,58,78,88,50,109,48,63,99,54,106,71,67,94,104,53,108
50,108,79,58,101,100,84,56,51,88,69,67,54,47,48,82,66,103,63,68,80,94,73,60,105,87
70,79,57,84,90,50,109,82,64,95,48,93,107,85,100,78,105,99,58,80,88,102,91,73,56,69,108,76
109,93,102,66,49,108,98,64,80,51,65,81,97,88,84,92,94,70,103
57,85,66,71,107,89,70,74,54,72,63,83,75,84,108,90,79,105,68,98,91,62,78,96,76,99
100,86,92,71,94,65,60,82,97,62,107,68,73,56,106,74,63,75,53,78,109,90,105,87,108,64,72,80,55,77
102,85,81,95,76,91,67,59,61,68,64,90,74,73,58,54,62,108,63,104,87,78
89,88,76,72,80,57,94,60,59,109,96,56,92,66,68,58,65,86,108,71,83,55,93,79,106,97
74,84,97,85,76,100,73,71,81,82,92,64,55,106,88,109,61,68,83,65
95,94,68,66,104,71,67,91,83,89,70,92,93,76,88,72
69,79,84,92,75,98,57,107,85,97,62,96,59,91,58,66,83,105,99
88,92,87,78,108,109,63,96,91,95,94,103,97,66,60,85,58
104,82,101,98,108,64,80,67,62,91,79,74,100,103,72,107,58,65,99,85,59,76,71,69,86
72,81,82,109,87,104,77,74,65,83,100,76,67,108,70,91,94
95,84,81,86,72,87,79,62,97,75,92,80,70,96
101,73,74,104,66,90,93,85,91,87,92,105,81,62,102,94
102,77,68,96,104,95,67,107,88,92,85,105,66,82,86,70,79,65,84,64,109,98,108,69
102,82,78,89,88,75,68,108,84,97,95,103,106,69,74,80,66,73
105,76,64,74,96,65,90,88,91,109,70,101,80,73,71,93,86,92,78,98
100,76,67,89,102,107,75,93,85,97,71,105,80,74,106,86,82
86,84,77,88,74,66,99,101,76,94,69,105,98,68,87,107,108,78,106,72
90,73,84,100,107,79,92,103,80,101,106,105
104,94,108,107,75,102,96,80,71,89,82,69,106,88,70,86,83,93,76,100
100,86,96,78,106,79,82,99,71,87,85,80,89,81,72,90,105,108,70,91,69,98
104,75,97,88,107,74,98,70,99,92,94,87,89,100,101,81,96,84,93
92,88,81,79,89,82,83,80,108,71,107,72,87,99,104,90
88,98,97,95,102,96,92,75,99
90,91,88,76,79,107,74,102,108,92,100,99,106
94,88,89,97,102,75,92,90,95,78,91,109
100,104,90,101,95,102,79,108,91,87,89,83,84
103,87,95,85,79,105,93,107,80,99
87,91,84,78,101,92,93,80,105,102,83,82
79,86,80,103,81,108,91,105,95,83,97
83,96,92,86,93,99,101,85,97,87,88,89,80,91,82,98,105
97,93,109,104,106,100,81,102,95,90,86,103,89,84
81,84,95,104,91,85,101,87,108,96,100,106,107
90,104,105,109,97,99,87,103,91,84,85,98,108
84,105,95,94,89,109,108,96,90,92,98,103,101,91
88,92,100,101,91,106,97,96,86,109,95,105,108
85,99,92,93,91,87,88,95,86,102,100
97,99,92,86,93,105,94,101,98,95,89
101,106,88,90,109,97,108,89
92,98,94,100,107,97,93,105
108,101,99,94,109,93,102,92
104,98,90,95,91,96,93
99,100,109,104,98,103
97,99,103,101,106,105,94,95,108
105,101,109,108
109,101,105,97,102,107
109,97,98,103
108,101,104,100,107,102,106,97
109,97,100,108,99,104,107
101,105,103,104
100,108,102,106
109,102
103,104
103,105,104
108,109,105
109,107
109,105,108
109
109
37
46

84
Dores,57.37,-4.33
Newtyle,56.55,-3.13
North Hinksey,51.73,-1.28
Holme Lacy,52.02,-2.65
Tighnabruaich,55.90,-5.22
Burmarsh,51.03,1.00
Mitcham,51.40,-0.17
Bieldside,57.10,-2.20
North Cove,52.43,1.62
Yatesbury,51.43,-1.90
Eastville,53.08,0.10
Clynnog,53.02,-4.37
Nunthorpe,54.52,-1.17
Raunds,52.33,-0.53
Thursley,51.13,-0.72
Kirtlington,51.87,-1.27
Endon,53.08,-2.12
Heddon On The Wall,54.98,-1.78
Great Massingham,52.77,0.67
Keadby,53.60,-0.73
Looe,50.35,-4.45
Aberystwyth,52.42,-4.07
Brookwood,51.30,-0.63
Stokenchurch,51.65,-0.90
Cheddar,51.28,-2.78
Crondall,51.22,-0.85
Shenington,52.07,-1.45
Cavenham,52.30,0.58
Feltham,50.97,-3.10
Voe,60.35,-1.27
Kinbuck,56.22,-3.95
Dunlugas,57.58,-2.50
Donaghmore,54.53,-6.82
Pilton,51.17,-2.59
North Burlingham,52.63,1.45
Bracewell,53.93,-2.22
Leasingham,53.02,-0.42
Tingwall,60.17,-1.23
Westhampnett,50.85,-0.73
Hetton,54.02,-2.05
East Garston,51.48,-1.48
Patchway,51.53,-2.57
Tarleton,53.67,-2.83
Felin Fach,51.98,-3.32
Pontymister,51.61,-3.09
Chorleywood West,51.65,-0.53
Salem,51.92,-4.00
Bere Regis,50.75,-2.22
Halwell,50.37,-3.73
Higher Newton,54.22,-2.92
Eastnor,52.03,-2.40
Mellis,52.32,1.08
Crianlarich,56.38,-4.60
Broomfleet,53.73,-0.67
Walkeringham,53.42,-0.83
Bossington,51.22,-3.58
Hilperton,51.33,-2.19
Walford,52.80,-2.83
Shooters Hill,51.47,-0.05
Chepstow,51.64,-2.68
Capel Hendre,51.78,-4.04
Bampton,51.72,-1.53
Stuston,52.35,1.13
Exning,52.27,0.35
Osbournby,52.92,-0.40
Hampton,52.47,-2.38
Brading,50.68,-1.15
Austrey,52.65,-1.57
Lower Winchendon,51.80,-0.93
Embleton,54.67,-1.33
Lochgilphead,56.03,-5.42
Talacre,53.33,-3.33
Totnes,50.42,-3.63
Rhuddlan,53.28,-3.47
Claypole,53.03,-0.73
Horninglow,52.82,-1.63
Waterrow,51.02,-3.35
Biddulph,53.12,-2.17
Abergwili,51.86,-4.27
Kilrea,54.97,-6.58
Skellingthorpe,53.23,-0.62
Askham Richard,53.93,-1.18
Ystrad-meurig,52.28,-3.92
Potterne,51.33,-2.01
80,53,35,7,70,39,28,18,38,42,65,69,24,16,17,62,49,45,68,56,58,72,19,14,77,31,71,47,43,76,46,9,3,10,57,51,61,55
48,59,53,18,6,10,81,80,46,38,19,73,71,35,45,51,70,15,39,65,8,33,61,3,32,28,62,20,44,9,23,57,77
12,8,22,10,61,60,35,45,62,63,38,74,30,83,66,13,36,28,11,39,81,79,25,71,42,44,26,31,17,80,59
72,63,78,36,29,51,38,7,73,66,43,83,8,57,18,48,74,32,11,59,76,49,45,13,19,54,24,44,17,16,82,61,10,33
49,27,73,53,17,29,62,25,79,84,57,80,38,76,55,36,69,37,22,7,31,6,43,81,23,78,83,51
43,53,30,16,47,60,75,71,18,21,57,37,62,17,72,35,42,81,67,70,19,28,59,74,8,36,9,7,25,40,32,65,76,58,77,50,68,61,80,56
70,12,13,20,14,47,67,54,82,31,72,10,59,24,38,50,77,44,63,64,18,71,60,8,45,58,68,29,49,36,61
83,30,52,41,71,36,11,33,64,31,20,24,45,49,66,14,50,76,47,46,22,17,62,51,63,65,55,37,59,48,80
66,51,44,37,32,83,56,21,72,36,12,55,50,26,24,80,20,34,11,27,30,17,59,78,49,60,15,71,16,74,57,64
51,81,35,84,60,19,13,42,53,57,44,64,37,28,39,33,12,30,76,80,62,26,18,55,20,27,31,75,67,25,54,78,68
36,34,74,35,21,39,42,75,19,51,52,44,66,79,64,54,26,47,17,68,60,63
44,26,54,79,27,51,18,81,42,59,84,77,30,43,40,66,41,50,69,13,34,67,16,20,23,36
42,26,78,59,49,20,68,56,18,43,33,75,69,40,21,36,80,44,76,32
32,84,55,50,38,78,25,69,36,33,28,47,80,72,26,64,73,43,23,39,49,75,27,37,71,35,58,21,24,18,81
29,33,47,26,58,51,38,27,73,54,21,55,77,76,49,50,22,32,72,25,46,71,37,16,68,30,34,67
77,80,47,44,29,63,40,59,76,18,38,67,23,26,70,53,62,61,20,65,83,66,42,28,43,31
76,77,30,48,34,23,62,83,36,54,33,26,35,29,32,80,41,75,82,66,53,43,31,37,18,22,70
82,40,39,80,76,84,48,71,25,28,34,53,52,60,77,51,31,27,70,55,83
28,52,39,79,25,33,76,63,57,42,27,46,23,21,37,71,40,60,54,83,77,75,26,56,51,82,41,50,24
58,33,24,49,30,45,73,23,84,44,71,51,79,29,37,68,69,53,34,50,61,55,72,64,74,47,63,78,56
50,62,74,46,78,48,40,77,79,26,75,54,73,44,51,25,64,66,24,22,39,27,70
25,43,48,28,30,55,56,64,45,81,62,60,80,51,63,47,69,65,54,76,73,71,84,72,42,79,67
34,25,27,33,37,71,84,77,69,63,54,59,73,45,55,80,68,57,46,75,83,53,47,49,40,65,60,62
65,74,80,71,47,31,48,68,40,33,36,42,51,76,59,43,83,57,67,25,38,41
81,28,32,65,80,69,45,34,77,42,41,55,38,75,43,30,33,71,46,73,50,39,74,72,79,36,70,31,62,82
76,33,74,60,70,73,65,75,35,47,56,64,49,54,38,71,82,79,63,37
74,48,83,65,79,59,61,82,63,70,31,47,41,69,56,44,53,60,50,51,78,57
53,55,72,47,71,63,54,64,65,40,75,35,68,39,74,49,62,38,32,81,80,83,44
54,71,50,43,78,55,44,45,61,51,81,76,41,77,49,67,34,60,38,65,69,79,48,39,42,84,37,30,47,72,64
70,76,50,61,34,79,43,44,80,33,54,48,72,84,56,47
83,55,60,37,70,48,41,39,56,76,77,33,65,38
70,52,65,73,76,69,78,46,36,74,43,63,72,54,80,50,42,45,77,79,40,71,82
34,67,59,81,83,36,52,57,53,77,70,84,65,48,50,54,61,51,66,56,39
62,83,61,67,60,40,71,74,41,73,69,84,39,53,63,36,45,59,64
71,75,39,72,51,77,36,49,58,70,69,41,60,52,45,79,55,47,73,46,78,76,48,61,66
68,64,53,42,38,63,58,74,75,83,59,62,66,48,49,76,67,41
83,81,50,80,55,52,78,73,45,64,53,38,43,67,68,66,72,65,74,56,84,41,40
61,55,74,53,45,50,84,79,39,66,52,40,64,83,70,48,59,81,42,73,60,68,41,56
82,43,56,61,80,42,44,55,46,76,73,68,50,58,72,71
66,59,61,71,54,73,79,74,83,43,45,76,75,78,68,48,47,44,62,52,60,63,50
77,49,63,56,68,46,76,66,67,58,53,61,84,47,57,54,62,65,59
51,62,49,47,54,70,59,64,84,50,66,75,82,63
71,51,45,65,44,72,67,79,57,77,47,55,76,66,81,70,53,64
56,46,84,77,54,61,57,53,72,74,49,55,67,51,59,79
73,64,70,54,60,51,48,79,47,69,71
63,75,73,70,68,60,81,74,69,76,72,50,51,59,55,48
78,65,53,80,73,66,81,48,77,55,56,50,69
71,60,62,68,61,76,67,75,72,49,81,74,54
59,83,74,68,51,55,67,71,80,52,78,64,77,62,50,63
79,73,59,82,55,70,84,72,81,75,76,67,58
60,67,62,66,83,84,78,72,53,76,58,59
80,54,84,73,59,64,76,68,67,55,78
67,69,74,84,58,72,64,65,82,66,57,62,75,60
70,61,66,84,81,79,68,65,60,82
79,58,63,67,69,60,56,83,57
63,68,62,81,61,64,82,67
78,70,72,74,83,75,77,71,63,81
68,76,69,61,80,74,62
67,84,73,65,76,70,71,79,78,77
64,68,82,76,72,71,79,61,66,62,84
66,83,75,69,73,82,78,74,84,63,72
64,66,71,76,70,83,81,79
66,68,81,65,70,83,71,84,73,67
78,71,84,82,69,72,79,66
80,69,70,78,74,71
76,77,68,69,72,79
69,75,78,80,70
80,84,76,79,75,70,69
75,83,70,79,81,74,71
74,79,81,80,84,76,78,72
75,72,81,79
82,74,75,83,80
82,84,83,77
84,75,79,76
79,77,82,83
83,78
80
84,79
80
84
84
73
8

82
Aby,53.27,0.12
Pencoyd,51.93,-2.70
Heckmondwike,53.70,-1.67
Piddletrenthide,50.78,-2.42
Sellafield,54.40,-3.50
Combe Martin,51.20,-4.03
Stamford Bridge,53.98,-0.92
Granville,54.48,-6.80
Torksey,53.28,-0.73
Betchworth,51.23,-0.25
Horley,51.17,-0.17
Llanfair,53.08,-3.30
Dunipace,56.02,-3.92
Coningsby,53.12,-0.17
Eishken,58.02,-6.53
Wilhamstead,52.07,-0.43
Vange,51.55,0.47
Gayton,52.73,0.55
Pentyrch,51.53,-3.29
Chatburn,53.88,-2.35
Strathdon,57.18,-3.03
Fairfield,54.20,-7.57
Arrochar,56.20,-4.73
Higham,52.25,0.58
Greenhill,51.36,1.11
Laugharne,51.77,-4.46
Annbank,55.47,-4.52
Nash,51.55,-2.95
Cresselly,51.72,-4.80
Helmshore,53.68,-2.33
Tangley,51.27,-1.52
Stocksbridge,53.48,-1.60
Ringshall,52.13,0.98
Glendaruel,56.00,-5.20
Wharram,54.07,-0.67
Allerford,51.21,-3.57
Nassington,52.55,-0.42
Linwood,53.35,-0.33
Balcombe,51.05,-0.12
Little Clacton,51.82,1.13
East Horsley,51.25,-0.43
Gatehouse,54.88,-4.18
Rangeworthy,51.57,-2.45
Hartshill,51.53,-1.52
Orton On The Hill,52.62,-1.53
Scalford,52.80,-0.87
Church Leigh,52.92,-1.97
Bradwell On Sea,51.72,0.90
Kelvedon Hatch,51.67,0.28
Stoke Abbott,50.80,-2.78
Lifton,50.63,-4.28
Belstead,52.02,1.10
Shustoke,52.50,-1.63
Loughbrickland,54.32,-6.30
Crosshouse,55.63,-4.55
Linton-on-ouse,54.03,-1.25
Twywell,52.38,-0.60
Pennymoor,50.88,-3.60
Strathblane,55.97,-4.30
Llanwinio,51.91,-4.53
Saint Germans,52.68,0.38
Great Tey,51.90,0.75
Elmore,51.83,-2.32
Ferndale,51.66,-3.45
Church Eaton,52.75,-2.23
Potters Bar,51.68,-0.17
Four Ashes,52.68,-2.12
Reedham,52.55,1.57
Llandyrnog,53.17,-3.33
Newtownabbey,54.67,-5.87
Lesbury,55.38,-1.62
Boosbeck,54.53,-0.97
Haringey,51.58,-0.08
Harrogate,53.98,-1.53
Berrow,51.26,-3.01
Long Preston,54.00,-2.25
Fotheringhay,52.52,-0.43
Edgeworth,51.75,-2.08
Balbeggie,56.43,-3.35
Llansilin,52.83,-3.18
Parley,50.77,-1.87
Capel Hendre,51.78,-4.04
46,10,20,48,41,78,15,25,79,53,64,72,57,65,74,6,50,36,14,80,69,22,58,49,43,76,11,5,12,59
21,5,73,29,41,65,66,55,76,82,68,44,17,49,12,27,7,6,23,56,80,50,45,52,78,57,75,18,61,74,16,15
39,25,9,18,57,56,50,20,61,63,68,79,19,33,62,71,44,35,81,29,73,15,10,8,36,47,32,51,30,45,59,43,48,82,75,65,72,60,74,31,58
56,59,36,54,39,20,35,26,27,10,21,29,22,82,75,32,43,23,6,48,49,57,46,76,65,37
36,59,34,75,51,77,42,20,32,23,78,41,71,58,45,27,16,47,61,22,33,37,24,81,62,43,35,18,79,21
12,25,33,57,9,21,20,44,70,55,32,40,69,28,47,27,62,34,38,72,63,56,26,75,7,82,16,66,77,10,15,42,80
61,80,24,14,25,53,35,38,39,21,65,64,36,49,70,55,13,58,19,50,29,57,77,66,75,82,27,17,31,43,28
48,49,52,17,65,75,41,33,30,50,22,36,18,57,58,10,54,9,45,67,51,81,77,64,24
24,29,27,20,66,54,17,63,38,44,50,14,55,58,79,32,15,60,46,21,68,65,76
20,82,50,49,23,40,55,21,69,56,18,29,79,11,25,53,54,13,63,58,60,52,22,28,74,66
32,37,52,72,21,34,79,38,23,65,42,41,26,50,25,58,29,56,33,71,15,24,77,57,75,17,40,46,12,48
60,79,28,45,33,46,66,75,36,25,40,34,65,15,77,64,78,62,14,24,22,54,37,76,74,48,39,69,82,58,52,43,26,50,51,68
69,25,76,74,47,53,56,79,81,14,51,37,24,20,29,22,58,16,41,30,42,63,54,80,64,26
80,25,22,23,27,33,43,72,45,20,19,49,66,26,30,38,37,74
76,77,47,17,56,26,39,79,24,67,71,65,20,60,63,45,53,27,40,55,57,16,43,61,75,49,46,64,30,52
39,28,80,40,69,55,78,38,52,79,81,32,58,37,59,27,48,20,18,29,43,50,61,33,35,41
70,24,50,49,23,36,64,55,29,67,30,56,59,22,74,18,65,77,25,61,42,21,19
59,40,60,36,82,63,27,56,52,75,38,62,76,80,20,25,26,42,74,48,41,37,24,23
80,32,70,26,25,44,50,41,31,71,79,39,65,49,64,59,48,68,62,36,82
41,75,70,64,81,24,82,42,40,58,32,30,55,78,51,72,39,43,38,57,31,45,67,53,36,59,44
53,57,72,24,71,66,62,64,39,36,82,26,40,34,45,41,27,52,77,74,70,30,55
37,44,81,42,43,77,47,24,33,39,52,36,62,28,25,72,61
26,25,60,37,77,44,54,45,70,61,35,32,28,50,65,63,30,62
71,41,43,39,76,72,47,30,34,45,63,48,57,37,38,29,31,82,66,74,26,46,42,55,80
61,51,49,34,40,56,64,26,27,80,30,45,66,48,58,73,38,69,43,77,70,28
28,54,61,43,29,32,72,82,60,47,66,68,49,36,69,78,51,75,52,27,53,79,62,50,46
58,30,47,49,69,70,35,57,54,33,64,43,44,38,34,73,42,41,52,50,48,60
36,70,39,74,30,37,58,82,81,66,56,53,51,40,77,69,33,48,60,59,31,52
61,65,50,35,76,81,66,77,69,80,48,49,75,70,52,33,42,82,78,60,38
67,38,59,31,56,77,44,54,41,46,37,66,49,45,33,34,68,52,63,51,82,60,53
79,55,44,73,65,62,56,46,48,39,68,74,54,77,38,76,40,72,81,53,80
59,35,68,74,39,78,34,44,73,71,76,72,49,75,64,56,67,53,38,81,77,66
57,56,61,67,71,53,76,66,45,42,60,43,81,55,50,48,38,35,74,78,52,37,47,36
77,78,70,76,58,73,53,48,44,82,49,67,81,35,68,39,69,52,80,63,72,71,36,54
65,46,77,45,44,54,71,66,64,41,62,78,58,53,72
41,49,57,69,37,77,71,80,75,62,47,78,54,45,64
72,51,57,52,59,78,62,68,40,64,77,63
54,70,47,53,45,42,80,46,51,63,82,60,69,61,41,68,67
80,56,48,42,45,79,46,63,52,72,54,81,75,47,61,62,64,68
46,69,73,60,50,53,51,47,68,67,43,77
75,79,58,71,46,55,59,42,54,53,81,47,70,82,61,57
68,52,44,74,66,76,69,47,78,46,73,65,80,67,72,50,54,53,43,56,61,77,57,60,55,79
59,44,56,80,82,79,76,62,65,49,60,73,69,70,53,78,74,81
69,55,47,71,72,74,61,59,75,63,58,46,52,60,62
54,53,72,75,65,64,55,57,60,46,59,50,66,68,71,70,79,77,48
80,79,72,63,49,47,59,64,54,71,58,50,76
74,55,49,68,73,61,69,76,50,52,51,63,67,64
60,68,78,82,81,73,71,70,77,75,67,52,80,50,64,66,61
63,57,59,79,71,67,82,66,69,70
75,60,61,66,52,59,81,51,78,68,53,67,54,74
76,70,52,62,55,60,72,59,75,71,64,73,81,69,82
73,54,59,64,58,60,55,57,76,74,81
77,56,75,66,67,82,73,60,58,62,71,68,63,80
57,71,63,59,81,80,78,65,56,61,68,82,69,62
64,61,57,73,79,70,69,60,72
78,79,60,74,70,67,77,61,59,82,69,63
82,64,81,76,66,58,70,62
78,71,66,74,60,72,65,80,81,59,79,64,70
72,64,61,75,68,77,73,60
81,71,74,64,78,65,70,61,62,75
73,78,69,68,65,80,70
82,73,74,69,79,68,78,70,76,63,64
78,80,76,82,75,73,81,72,77
75,65,82,78,67
82,78,79,67,68
82,71,67,76,75,73
82,73,76,69,75,70,80
79,81,77,82,71
75,74,78,71,76,80
78,72,82,71,77
76,74,77,82,73
73,76,77,79,74
78,75,77,79
82,78,76
77,80,78
79,82,77
80,78,79
79
31
81,82
82

114
Ackworth,53.65,-1.33
Hagley,52.43,-2.12
Shifnal,52.67,-2.37
Toome,54.75,-6.45
Shelford,52.97,-1.02
Bradshaw,53.60,-2.40
Cults,57.12,-2.17
Wynnstay,52.97,-3.03
Heath,53.20,-1.33
Northampton,52.25,-0.88
Hartwell,52.13,-0.85
Marchamby,52.87,-2.60
Pakenham,52.27,0.83
Oxton,55.77,-2.80
Great Marlow,51.57,-0.77
Sonning,51.47,-0.90
Spilsby,53.18,0.10
Cornwell,51.93,-1.60
Bishopton,55.90,-4.50
Perivale,51.53,-0.32
Pishill,51.60,-0.95
New Hey,53.60,-2.08
Addlestone,51.37,-0.48
Glastry,54.48,-5.48
Aberlady,56.00,-2.85
Stokenchurch,51.65,-0.90
Brill,51.82,-1.05
Crowell,51.68,-0.92
Covent Garden,51.50,-0.13
West Bridgeford,52.92,-1.12
Hanslope,52.10,-0.82
Latimer,51.68,-0.55
Rufford,53.62,-2.83
Ludford,53.40,-0.20
Highbridge,51.22,-2.98
Crowle,53.60,-0.82
Pitsea,51.55,0.50
Goudhurst,51.10,0.47
Braco,56.25,-3.88
Cornelly,51.51,-3.70
Maxstoke,52.47,-1.65
Brightwell Baldwin,51.63,-1.05
Coggeshall,51.87,0.68
Goadby,52.58,-0.88
Childwall,53.38,-2.88
Holystone,55.30,-2.07
Fernhurst,51.03,-0.72
Steventon,51.62,-1.32
Teffont Magna,51.09,-2.02
Littleton,51.08,-1.35
Finaghy,54.55,-5.98
Kinlochbervie,58.47,-5.05
Slaithwaite,53.62,-1.88
Munslow,52.48,-2.72
Heeley,53.35,-1.47
Little Barrington,51.80,-1.68
Great Blencow,54.67,-2.83
Keil,55.30,-5.65
Salcombe Regis,50.70,-3.20
Ivinghoe,51.83,-0.62
Mulben,57.52,-3.10
Winfarthing,52.42,1.10
Coulston,51.29,-2.07
Glazeley,52.48,-2.43
Stretham,52.37,0.22
Chearsley,51.77,-0.95
Buckminster,52.78,-0.68
Lack,54.57,-7.57
Axford,51.18,-1.12
Bakewell,53.20,-1.67
Plumbland,54.73,-3.32
South Zeal,50.72,-3.90
Mickleover,52.90,-1.53
Lympstone,50.65,-3.42
Hindley,53.53,-2.58
Alveley,52.45,-2.35
Brent,50.43,-3.83
Llanfairpwllgwyngyll,53.22,-4.20
Whipsnade,51.83,-0.53
Ilderton,55.48,-1.97
Arne,50.70,-2.03
Hillesley,51.60,-2.34
Castle Douglas,54.93,-3.95
Humberston,53.53,-0.03
Holybourne,51.17,-0.93
Rodley,53.82,-1.67
Armadale,55.88,-3.70
Werrington,50.67,-4.37
Claypole,53.03,-0.73
Struan,56.75,-3.92
West Grimstead,51.03,-1.70
Mid Calder,55.88,-3.38
Marrick,54.38,-1.88
Umberleigh Bridge,51.00,-3.98
Wyke Regis,50.58,-2.48
Dyke,57.60,-3.68
Axminster,50.78,-2.98
Carnoustie,56.50,-2.72
Arthog,52.70,-4.02
Watlington,51.63,-1.00
Eccles,53.48,-2.33
Llanigon,52.05,-3.15
Hilborough,52.57,0.68
Rettendon,51.65,0.55
Cartworth,53.55,-1.78
Teversham,52.20,0.20
Holme Hale,52.62,0.77
Pulloxhill,51.98,-0.45
Littleport,52.45,0.30
Ecton,52.25,-0.78
Saint Mellion,50.47,-4.27
Waltham Abbey,51.68,0.02
Kippford,54.87,-3.82
Ardmillan,54.48,-5.67
93,39,40,94,26,45,15,25,50,53,58,16,23,80,4,2,100,49,8,9,10,109,107,90,75,92,57,7,104,5,89,3,96,30,11,99,85,63,38,29,111,62,37,70
32,97,92,101,95,37,94,38,112,81,25,55,66,63,27,113,60,49,107,89,21,100,52,4,71,73,75,104,11,57,9,51,43,33,20,90,15,99,7,10,65,12,40,96,61,103,34,13,74,48,102,62,16
29,34,98,94,51,61,25,105,43,22,60,76,7,58,74,42,92,91,99,96,93,111,69,19,66,63,5,27,85,32,16,15,75,84,101,36,56
106,79,87,9,5,42,112,99,36,15,21,114,75,90,46,16,68,41,19,57,37,85,94,105,56,53,26,81,80,70,78,66,31,27,96,24,7,10,89,55,28,39,103,76,60
86,41,74,47,29,110,92,71,28,49,14,36,73,107,51,100,26,103,89,82,77,98,108,10,81,90,18,69,12,19,105,62,37,102,39,113,46,22,76,61
50,17,112,88,20,108,36,16,87,22,84,40,110,65,80,8,41,102,48,18,103,69,15,74,96,54,58,97,111,63,73,30,60,25,26,79,86
18,32,85,62,88,13,57,91,93,95,38,113,110,49,39,94,14,107,81,12,23,76,19,108,45,65,20,67,79,47,21,24,74,103,27,34,105,52,37,97,72,84,53,41,71,68,56,48,82
63,54,86,58,32,55,48,83,74,49,71,17,80,99,72,97,70,94,35,40,37,29,43,114,65,64,56,79,51,44,31,112,100,39,109,30,38,102,14,111,61,24,104
103,40,56,76,32,26,111,15,99,19,63,57,114,42,80,86,101,54,74,36,18,23,100,95,102,41,65,62,66,93,110,34,13,33,72,14,31,29,60,47,11,89
104,28,85,112,84,52,40,110,109,58,71,79,44,66,45,50,18,68,90,43,99,97,35,103,27,80,55,96,31,64,105,73,53,19,15,102,41,60
95,36,44,86,112,51,104,48,60,107,26,80,49,16,52,66,90,100,47,53,21,70,43,27,28,88,101,20,72,79,98,110,57
92,29,20,60,52,79,63,58,24,48,87,61,38,83,80,41,94,50,51,68,65,40,96,73,67,72,30,26,55,23,22,54,91,64,71,17,66,46,49,16,78,77,62,114,104
60,30,69,45,20,21,86,81,89,46,106,88,93,22,39,27,59,65,56,91,24,48,29,99,110,72,62,23,36,71,15,61,67,102,70,54,32,40,35,96,19,31,85,76,95,34
78,21,113,70,73,97,93,96,50,81,63,98,55,17,39,114,15,94,80,66,82,27,26,74,59,36,38,83,99,112,86,18,40,53,65,107,33,22,106
17,93,92,36,31,65,59,56,99,61,24,18,44,75,55,84,105,83,27,58,51,80,35,87,104,74,91,22,88,39,47,50,42,66,111,64,70,19
42,50,29,45,70,84,39,22,47,97,95,108,51,21,34,41,54,64,112,101,30,79,96,55,63,81,80,69,60,78,46,89,76
26,64,96,18,25,61,90,95,89,46,99,98,55,109,57,65,92,35,24,34,88,85,27,87,68,104,45,101,84,108,113,94,56,100,40,31,75,73,72,114,33,58,21,102,103,76,70,54,77
40,64,70,105,19,90,24,102,42,98,28,61,88,107,78,73,30,58,108,94,101,71,29,20,93,22,31,35,50,52,111,74,81,37,114,84,41,47,77,100,66,82,97,89,27
104,46,74,57,60,56,45,84,95,65,87,81,22,44,73,43,110,35,75,89,28,108,32,88,67,52,49,23,72,26,105,51,50,100,83,20,62,113,29
101,99,68,53,90,71,87,52,76,42,40,100,80,86,30,112,28,22,34,51,93,81,43,27,63,57,50,36
40,33,67,30,113,48,32,85,96,100,54,53,92,65,28,105,108,106,71,66,43,47,25,101,34,62,74,75,95,104,31,68,79,59,73,50,70,114,76,84,26
113,63,77,49,102,111,72,66,95,108,100,53,105,25,41,86,74,94,61,76,83,109,26,81,70,54,79,104,82,103,97,89,24
89,65,57,30,40,70,38,112,35,24,62,50,39,26,105,64,61,101,48,108,94,81,95,88,25,28,78,59,110,83,104,85,90,87,84,60
101,90,77,65,106,30,112,92,45,104,38,35,26,48,63,69,113,78,43,68,46,98,89,54,28,82,76,83,75,49,70,109,32,86,91,95,56,74
63,65,73,87,108,82,46,74,84,98,56,48,90,101,39,55,60,53,104,80,66,29,85,52,75,96,110,28,107
106,107,96,55,102,58,78,111,93,31,60,91,66,44,53,43,65,62,97,113,54,41,70,50,57,46,67,110,68,104,112,80,109,84,108,86,82,88
87,98,62,104,45,55,74,77,82,54,91,59,70,34,88,96,79,36,61,113,32,72,68,33,51,38,89,97,71,101,63,39
35,108,65,40,102,106,48,54,101,91,92,73,113,52,84,71,34,98,78,76,59,66,95,61,99,74,42,90,30,53,111,29,70,56,37,45,57,110,83,43
109,49,72,36,81,67,66,53,102,68,70,30,108,47,60,64,48,106,100,69,54,79,111,103,110,71,104,97,46,45,114
57,84,103,108,58,91,49,67,43,63,37,89,44,45,38,78,87,72,61,97,60,83,104,80,36,106,73,54,35,33,31,79,90,105,69,114,68,81,102,99,107,94,66
71,91,32,75,93,41,80,36,74,69,98,104,63,101,49,43,89,45,84,46,81,110,59,77,79,72,34,66,35,106,60,108,62,48,102,90
57,96,108,87,80,70,69,72,58,64,50,34,47,89,114,99,79,107,100,101,110,62,68,109,45,81,74,75,54,49
35,47,58,51,91,90,43,52,61,39,87,103,93,86,111,38,70,41,76,78,44,109,81,54,65,34,40,114,59,71,64,88,60,92,72,63
47,90,44,81,40,88,92,53,112,75,39,35,82,109,78,79,100,98,59,70,52,38,94,60,73
110,36,76,90,109,72,85,39,111,40,104,51,53,52,87,62,65,84,50,43,93,58,60,83,69,82,113,46,86,96,97,41,103,38,67,44,114,98
74,42,84,45,82,104,86,113,97,70,49,37,80,56,108,91,61,95,41,98,83,48,66,76,50,68,62
44,62,55,95,104,65,77,97,60,53,69,52,58,111,88,91,99,57,103,63,38,74,50,92,105,87,71,64,54
97,109,103,86,47,53,55,71,63,93,110,59,96,92,41,44,50,104,39,49,60,114,65,112,98,78,79,101,58,113,76,62,57,88,77
103,83,100,72,63,92,52,53,47,86,89,68,111,48,99,90,80,44,98,40,101,76,62,93,114,51,102,108,91,113
99,76,111,88,48,44,61,110,46,105,67,79,51,98,107,103,41,73,43,53,70,83,86,58,66,45,57,84,92,95,109,50,68,91,63,71,90
85,104,71,59,45,55,110,108,113,61,86,73,111,90,58,87,82,76,95,103,107,102,101,89
106,69,86,103,101,77,78,81,98,102,109,85,53,83,60,44,51,62,65,50,64,43,47,95,104,97,79,82
94,113,46,64,53,60,112,47,104,98,70,71,85,59,97,111,99,90,76,89,109,66,49
110,64,102,94,47,75,57,68,56,53,80,108,71,72,88,62,81,87,100,89,85,46,86,104,48,65
48,68,107,110,88,103,73,78,90,96,61,76,98,94,52,93,114,62,47,95,49,66,50,69,108
57,113,93,79,109,108,71,51,112,96,87,58,54,92,105,107,97,106,50,73,59,111,76,55,53,47,78,70,88
56,70,86,105,54,91,101,96,49,65,102,94,50,89,57,64,71,76,62,109,107,79,59,73,82,103
101,111,76,93,55,72,87,86,57,102,105,112,104,70,109,63,94,91,107,51
53,98,104,71,58,103,54,88,86,70,94,111,102,89,76,106,56,61,81,101,84,82
108,63,57,101,69,110,104,54,95,99,102,91,64,112,96,109,98,68,52,76,114,53,88,113,105,111,77
73,109,87,112,65,75,56,53,67,111,93,113,101,79,91,64,52,105
75,109,54,71,98,73,89,72,74,107,106,91,102,59,113,67,82,70,79,101,62,111,114
112,78,58,102,80,97,64,82,68,105,91,70,54,88,79,114,81,92,60,86,74,110,69,77,98,63,66,107,56,103,85,72
78,85,57,104,94,79,114,77,56,91,96,93,97,106,82,62,90,105,86,65
107,94,106,70,64,95,59,82,109,72,89,87,63,104,88,68,71,110,83,93,57
64,110,70,106,62,58,76,57,101,65,94,113,103,91,69,68,66,111,93,81,77,67
87,83,103,91,104,67,109,75,62,85,114,113,86,110,68,111,78,79,108,61,112,94,93,81,64
78,65,98,108,107,73,69,112,114,76,61,88,81,80,95,63,93,60,106,109,67,103,66,94,64,89,71,102,111
95,111,67,70,108,61,113,98,64,103,107,79,109,91,110,73,63,74
101,99,108,102,114,97,95,83,92,84,73,111,89,66,113,90,77,107,110
66,77,69,76,74,96,64,67,65,105,62,97,106,112,87,75,99,101,91,68,72
98,71,72,110,63,74,73,114,109,104,89,91,66,105,102,97,107,103,100,76,64,87
105,102,86,113,68,95,65,107,78,96,94,91,89,114,93,108,69,64,90,84,100,98,73,85
105,95,74,70,93,91,73,114,67,106,84,102,94,98
86,87,88,109,97,70,92,107,77,112,82,113,80,98,102,69,76
81,71,114,103,100,101,98,102,110,75,80,105,91,72,88,97,79,104,89,109
86,78,72,81,76,98,105,100,112,104,109,70,114,95,68,99,106,93,96,77
97,99,86,101,107,100,112,91,105,79,77,92,83,108,95
110,79,84,82,114,70,85,91,89,108,102,74,112,73,107,109,98
83,97,82,75,89,74,112,87,104,84,107,108,110,94,81,73,91,88,106
85,91,87,75,111,103,98,81,80,99,114,78,107,82
78,81,74,88,98,101,107,80,77,79,100,85,113,104,83,95,110,108,105
109,75,82,99,93,90,96,94,85,104,86,81,80,92,88,89,84,100,113,77
113,85,81,89,78,111,94,79,104,76,80,99,75,106,87,101
83,93,76,81,104,90,103,79,91,110,101,96,109,92,94,111,114,100,85,84,105
110,83,103,80,88,84,113,81,94,82,99,101,86,105,102,92,91,111,93
112,98,102,78,90,110,82,83,96,84,93,107
112,82,97,95,93,89,111,81,102,107,91,84,101,85
113,108,94,105,81,85,100,104,84,96,111,97,103,106,83,98,93
86,109,82,104,100,90,114,94,81,88,84,89
99,104,114,83,88,89,111,113,91,110,86,106,94
87,109,108,91,88,84,102,83,113,99,96
102,89,95,97,104,90,113,103,88,92,101,107,114,99,109
97,95,90,99,86,102,106,92,89,85
111,95,86,94,93,90,88,87,107,103,112
107,103,104,88,109,95,105,92,108,94,90,102
110,109,97,114,90,88,89,111,94,102,103,105,106,95
90,106,89,91,108,111,113,114,93,94,110,100
113,108,100,98,95,114,103,105
96,109,99,95,106,113,103,91,111,101,94,104
96,101,98,100,111,108,93,104,99,112,102,97,109
102,111,108,94,113,101,112
104,109,113,105,96,95
101,97,107,95,114,108,110,105
98,104,110,96,103,106,112,114
99,114,101,111,107,112,108,104,102,113,97
114,110,106,113,109,108,111
107,112,114,102,100,104,106
105,108,114,103
113,114,101,102
112,108,107,110,104,109,105,114
103,114,105,111,112,113,107
110,113,114,107,104,112,105
111,107,110,112,113
106,108
110,111,114,109
112,113,111
110,111,113
111,114
114
114,113,112
114
22

