41
Ellenborough,54.70,-3.48
Failsworth,53.52,-2.13
Whitwell,50.58,-1.25
Ruislip,51.57,-0.42
Coolham,50.98,-0.40
Coldham,52.60,0.12
Gilsland,54.98,-2.57
Bentham,54.10,-2.50
Glentham,53.40,-0.48
Tring,51.78,-0.65
Stanford Rivers,51.67,0.22
Great Ashfield,52.27,0.93
Beeswing,55.00,-3.73
Palgrave,52.67,0.73
South Pickenham,52.60,0.75
Saint Buryan,50.07,-5.62
Berkhamsted,51.76,-0.56
Greenford,51.52,-0.33
Waldron,50.93,0.20
Hampnett,51.83,-1.85
Shield Row,54.87,-1.70
Derrington,52.80,-2.17
Bunkers Hill,53.07,-0.10
Egerton,51.18,0.73
Trillick,54.45,-7.50
Yanworth,51.82,-1.88
Llangefni,53.27,-4.33
Murton,54.58,-2.42
Barnard Castle,54.53,-1.92
Lairg,58.03,-4.40
Bethesda,51.83,-4.77
Borden,51.32,0.70
Tilstock,52.93,-2.68
Bempton,54.13,-0.17
East Dean,50.90,-0.72
Kirk Smeaton,53.63,-1.22
Rotherfield,51.03,0.22
Montacute,50.95,-2.72
Middle,52.82,-2.78
Barnby Moor,53.35,-1.00
Easthampstead,51.38,-0.75
24,31,32,2,25,9,11,10,37,39,26,28,3,15,21,7,5,38,30,6,17,23,36,22,29,40,12,27,34,8,14,20
8,40,19,29,39,15,21,31,9,23,28,22,3,37,4,16,10,30,5,38,11,34,25,6,14,12,18,26,27,32,33,36,17
25,7,30,35,21,13,9,36,34,39,24,33,19,15,32,5,10,8,38,11,41,28,26,22,14,20,4,12,23
35,27,18,37,13,8,31,5,11,36,26,14,40,32,22,9,28,12,7,20,19,25,33,21,16,38,10,17,24,34,29
9,39,29,19,22,27,8,18,7,38,26,35,32,23,40,15,21,24,14,11,33,12,20,25,30,6,28,16,17,41
40,18,33,29,27,21,9,38,10,8,36,26,41,19,15,16,17,28,25,30,37,22,20,31,12,34,35
12,30,27,25,21,33,39,18,20,36,19,35,15,28,16,14,29,31,37,8,17,34,22,40,13,23
20,30,31,21,38,39,12,14,16,15,22,40,32,28,37,34,18,35,10,33,27,17,26,25,11,29
35,31,29,36,16,33,22,25,17,32,12,18,20,39,19,14,26,41,38,21,40,13,24,10,27,30,11,37,15
14,16,23,38,32,34,21,41,33,15,11,18,24,20,27,29,30,26,13,36,40,37,31,22,39
41,22,40,26,14,20,31,37,34,27,19,15,30,28,13,36,23,32,35,38,21,12,29,17,18
23,28,13,41,33,39,15,24,26,40,17,27,25,35,22,14,34,20,21,37,29,19,30,32
35,16,27,25,17,38,36,26,37,19,14,21,40,33,34,31,23,39,30,24,22,20,15,18,29
25,36,29,30,38,15,40,32,37,22,41,35,26,17,23,31,16,27,19
37,17,28,32,29,27,19,40,34,26,39,31,30,18,36
17,39,31,18,25,40,32,30,38,28,29,35,37,26,22,27,21,36,34
36,34,33,32,23,31,26,38,19,18,41,37,30,22,28,20,21,29,25
19,20,39,41,37,34,36,32,22,25,33,31,38,26,21,30,23,24,40
24,37,28,31,21,34,29,38,32,36,33,40,35,22,26,27,39,20,30
41,34,22,28,40,30,24,38,32,39,37,33,36,21,23,29
40,36,39,35,37,25,23,27,28,22,31,30,26,24,29,38
26,29,32,28,24,39,37,25,36,40,30,35,33,38
40,27,24,28,36,31,29,26,34,25,30,33,38,39,32,41
38,32,34,26,31,41,29,40,30,33,28,35,36,25,37
27,31,39,34,26,37,38,32,40,28,35,30
30,36,41,31,32,28,29,35,39,27,38,33
41,34,33,36,30,28,38,32,29,37,31,39,35
34,29,30,41,40,33,38,32,36,37,35,31
34,36,39,33,35,31,32
35,40,31,33,38,41
33,38,41,35,37,39,32,34,36,40
38,33,40,34,37,35
39,37,35,40,38,34,41,36
41,36,38,37,40,39
36,38,40,41,39
39,41
38,39,40,41
39
40,41
41

58
Tillyminnate,57.38,-2.83
Hindolveston,52.82,1.02
Crowcombe,51.12,-3.23
Middleham,54.28,-1.82
Whorlton,54.42,-1.25
Berrington,52.65,-2.70
Freethorpe,52.58,1.55
Weeley,51.85,1.12
Deal,51.22,1.40
Broadwell,51.95,-1.70
Howsham,53.53,-0.43
Carlisle,54.88,-2.93
Blisworth,52.17,-0.93
Trentham,52.97,-2.20
Tollesbury,51.75,0.83
East Grinstead,51.12,-0.02
Crathorne,54.45,-1.32
Chinnor,51.68,-0.90
Sheen,53.15,-1.83
Angmering,50.82,-0.48
Castlederg,54.70,-7.60
Silton,51.06,-2.31
Croughton,51.98,-1.20
Crookham,55.62,-2.13
Heckfield,51.33,-0.95
Velindre,52.02,-3.18
Pointon,52.85,-0.33
Norton In Hales,52.95,-2.45
Weldon,52.48,-0.63
Burley-on-the-hill,52.67,-0.70
Hawkesbury Upton,51.58,-2.32
Stert,51.21,-3.04
Godalming,51.18,-0.60
Gorslas,51.80,-4.07
Bradbourne,53.07,-1.70
Donaghmore,54.53,-6.82
Shirwell,51.12,-4.00
Farcet,52.53,-0.23
Harnham,55.10,-1.88
Almondbank,56.40,-3.55
Compton Dando,51.38,-2.51
Cornforth,54.70,-1.52
Wixford,52.18,-1.87
Hambrook,51.51,-2.52
Atcham,52.68,-2.67
Malham,54.05,-2.15
White Waltham,51.48,-0.77
Slaughter,51.90,-1.77
Clarborough,53.35,-0.90
East Tuddenham,52.65,1.08
Port Isaac,50.60,-4.83
Upper Dean,52.28,-0.47
Dunkeld,56.57,-3.58
Ferrensby,54.03,-1.43
Whitechurch,50.80,-2.23
Aston,51.72,-1.50
Thundersley,51.55,0.58
Ulleskelf,53.85,-1.22
35,43,38,19,10,56,23,5,17,57,51,42,48,54,13,20,50,4,7,15,37,58,47,32,8,28,6,9,2,29,25,46,27,3,26,45,31,36,53,40,24
35,4,37,38,55,16,22,41,28,13,50,8,53,46,7,47,23,27,57,43,54,17,26,51,10,49,5,25,42,19,3,15,21,45,18,40,29,48,14,12,36,31,9,58,39,34,32,20
56,35,58,27,55,4,12,13,17,20,18,45,41,22,52,6,54,11,31,47,33,24,40,9,43,21,50,10,23,30,42,37,32,5,16,51,39,19,44,26,28,29,48,34,38
18,56,46,58,7,54,49,41,44,34,35,43,32,50,11,52,39,5,25,37,23,16,29,27,28,10,38,21,55,12,6,20,33,36,19,42,57,26,15,40,45,17,8,48,30,24
34,27,57,6,25,56,33,36,19,18,44,48,45,28,46,23,51,11,49,12,10,16,20,54,30,31,47,39,40,35,58,43,21,55,8,50,15,52,13,29,26,24,37,38,14
57,40,18,25,35,50,47,49,54,9,27,48,39,20,28,30,53,10,19,52,14,58,51,11,22,7,56,24,41,36,45,31,43,42,8,23,15,33,29,37,12,34,55,38,17
43,16,48,21,35,25,14,9,39,19,28,41,38,45,56,57,15,46,40,22,18,12,44,31,42,58,54,32,27,24,37,26,49,55,53,47,34,36,10,29
23,38,48,19,53,13,55,12,47,45,30,54,20,24,50,32,40,15,29,41,56,43,39,14,9,58,57,18,16,22,27,37,33,36,26,31,28,52,44,35,42,34,25
57,53,30,25,28,50,39,55,23,40,13,36,35,34,20,17,45,32,29,26,48,54,21,10,22,42,12,11,15,33,19,27,38,37,58,52,44,51,41
58,34,35,24,17,49,31,25,55,22,19,52,43,56,40,38,37,27,42,36,53,44,28,33,11,20,47,32,12,21,23,41,14,26,13,57,15,30,29,54,16,45
48,17,20,56,29,46,47,21,33,15,50,54,14,55,57,40,52,45,31,49,16,58,19,30,27,35,42,28,53,25,32,51,34,43,12,22,26,38,18,13,24,44,36,39
41,56,40,48,17,43,23,38,39,19,32,55,46,26,35,49,30,50,34,52,24,28,33,21,27,15,45,31,57,58,14,16,18,53,29
19,18,14,27,33,53,35,22,41,29,37,23,40,30,15,42,16,49,24,26,31,48,56,51,54,28,21,25,43,32,36,55,58,20,39,38
32,48,58,22,34,51,57,40,56,23,44,21,45,25,15,24,26,43,46,41,47,30,36,35,19,33,54,55,27,28,49,31,29,53,18,37
34,43,49,53,17,51,52,40,46,24,58,48,35,38,54,33,30,20,47,31,41,26,44,22,29,36,39,28,45
40,56,38,39,42,47,28,37,52,36,54,35,24,46,23,45,51,21,30,53,34,31,17,33,58,49,19,44,22,18,26
22,31,39,56,57,36,42,28,55,23,58,35,20,24,41,43,38,18,26,44,30,49,34,53,51,40,25,27,54,19,47
36,53,26,43,58,35,19,27,29,57,51,42,41,38,46,37,44,47,54,30,52,55,34,33,20,25,40,31,39
49,43,44,28,56,33,32,39,21,29,54,58,51,25,24,50,48,31,34,47,23,36,46,41,27,52,55,42,30,57,45,22,20
37,50,49,45,24,39,57,22,32,35,44,34,42,53,43,21,26,31,41,58,54,33,40,25,38,51,48,28,46,52,23
51,38,30,50,23,40,39,27,55,28,31,57,29,49,22,48,42,34,41,35,37,44,58,32,54,25,43,24,26
26,40,53,29,54,56,52,39,23,57,27,44,45,51,30,24,42,36,38,41,58,47,25,33,28,32,49
55,27,50,54,58,33,38,44,42,45,43,49,51,41,31,24,37,28,29,56,30,57,35,26,36,40,52
36,56,43,28,45,38,30,32,58,46,33,39,31,25,37,48,55,54,52,49,51,35,42,40,50,44,26,27
56,34,32,44,57,30,43,54,46,52,28,27,48,36,42,45,47,51,53,55,49,41,50,38,58
30,50,38,34,45,33,56,36,51,54,44,52,28,46,43,35,31,57,48,29,40,49,47,37,39,27,32
47,36,32,58,54,35,50,37,33,56,42,51,28,57,39,45,41,52,49,29,31,38,30,34,53,43,48,44,40
42,31,56,38,29,33,48,43,32,46,52,45,36,53,30,49,54,55,34,44,35,58
47,56,49,43,46,50,54,57,55,37,53,38,30,48,44,32,35,58,40,33,51
51,58,45,38,52,53,46,39,49,42,32,56,37,34,55,54,41,43,44,36,35,48
58,49,36,51,45,40,32,39,55,43,35,52,38,41,54,37,50,46,47
44,52,48,47,56,42,50,58,39,46,49,33,41,45,51,34,53,38,43,36,55,57
38,34,52,58,48,49,46,43,51,41,42,40,35,56,45,54,50,37,44,57,39,55
41,43,49,39,44,37,42,47,55,35,45,54,48,40,36,57,50,52,46
47,46,40,54,52,42,48,50,41,37,57,39,43,49,51,36,38,44
41,45,46,48,57,40,52,51,54,38,50,44,42,58,53,56,49,37,55
54,44,48,56,43,52,47,41,39,50,40,55,57,45,49,38
42,57,40,54,55,47,46,39,52,58,44,51,43,50,56,41
52,50,51,56,48,45,47,41,42,53,43,55,40,54,49,44
51,47,53,44,42,55,46,49,43,58,50,56,45,41
49,43,54,56,57,55,48,42,46,53,52,51,45,47
48,43,46,58,55,54,56,57,51,52,53,47,49,45
58,57,50,45,53,46,47,52,48,55
58,53,51,57,47,50,45
51,48,50,49,53,52,56,57,47
58,53,47,56,55,57,52,49,48,50,54
49,51,54,53,48,58,52,55,56
50,53,49,56,57,51,58,52
51,58,53,52,56,54,57
55,53,57,56,54,58
57,54,56,58
55,58,56
54,55,58,56
58,57,56,55
58,56
57,58
58

57
Turville,51.60,-0.88
Wilnecote,52.60,-1.67
Shalden,51.17,-1.00
Hoo,51.40,0.57
Polesworth,52.60,-1.60
Combe Martin,51.20,-4.03
Ruskington,53.03,-0.38
Blidworth,53.08,-1.13
Shephall,51.88,-0.17
The Diamond,54.38,-6.12
Addington,51.93,-0.92
Marston Montgomery,52.93,-1.78
Alvanley,53.25,-2.75
Borrowash,52.90,-1.38
Haversham,52.07,-0.78
Horrabridge,50.51,-4.10
Attenborough,52.88,-1.23
Princethorpe,52.32,-1.42
Souldrop,52.23,-0.55
Portgordon,57.65,-3.02
East Clandon,51.23,-0.48
Bognor,50.78,-0.65
Teesside County Borough,54.57,-1.23
Patcham,50.85,-0.15
Loweswater,54.57,-3.33
Bilton,52.35,-1.28
Ulcombe,51.20,0.65
Iden,50.97,0.73
Thurning,52.42,-0.40
Mylor,50.17,-5.05
Cheadle Hulme,53.37,-2.18
Little Weighton,53.78,-0.50
Ickburgh,52.52,0.68
Parwich,53.08,-1.72
Heacham,52.92,0.48
Long Ashton,51.43,-2.66
Macclesfield,53.25,-2.12
Wroxton,52.07,-1.40
Stevington,52.17,-0.55
Alnwick,55.40,-1.70
Oakford,50.98,-3.55
Worsbrough Bridge,53.53,-1.47
Chapmanslade,51.23,-2.25
Cardross,55.97,-4.63
Send,51.28,-0.53
Lartington,54.55,-1.97
Bampton,51.72,-1.53
Lyneham,51.52,-1.97
Stour Provost,50.98,-2.28
Tegryn,51.97,-4.58
Grindleton,53.90,-2.37
Brechfa,51.95,-4.15
Bradmore,52.87,-1.13
Lawrencetown,54.38,-6.30
Friockheim,56.63,-2.63
Bishopbriggs,55.90,-4.23
Langham,52.93,0.98
14,9,11,17,54,6,44,37,46,25,19,28,56,16,52,21,42,7,32,29,55,34,13,40,12,18,2,35,41,23,49,51,47,31,43,45,39,8,26,36,20,57,27,4,10,5,53,48
20,55,12,36,13,40,25,29,6,51,38,52,9,37,54,50,23,21,33,11,46,32,47,49,5,24,8,7,42,30,53,10,43,28,44,31,27,4,16,41,18,22,48,39,17,57,26
6,17,37,22,38,44,18,20,40,29,16,23,32,41,28,36,19,48,12,34,49,46,26,30,54,56,47,50,10,21,45,51,27,9,13,24,5,15,35,53,52,11,7,39,42
30,21,9,22,54,39,17,19,49,27,20,36,56,7,10,51,5,29,18,6,13,47,52,11,8,15,53,23,40,41,46,32,44,12,31,50,28,48,43,14
37,55,6,48,33,39,51,29,46,12,49,38,27,9,57,50,10,44,53,43,14,19,47,52,22,45,13,40,28,36,42,30,31,54,26,21,32,25,16,17,23,11,7
17,14,7,9,42,11,57,47,53,12,16,26,34,50,46,24,22,21,55,29,27,32,37,40,13,30,28,39,25,8,33,45,18,43,36,38,52,41
46,9,26,23,38,36,29,50,55,13,43,8,11,57,27,47,19,24,40,39,53,28,16,52,22,31,56,45,37,10,54,35,41,33,25,51,34,42,18,12,14
28,42,25,54,22,49,36,9,57,56,55,29,17,48,39,37,24,23,50,45,52,10,16,11,38,26,18,44,13,47,15,34,40,46,21
30,20,33,53,17,55,41,37,52,42,32,51,21,36,49,45,12,11,46,57,47,13,40,15,43,27,23,18,29,39,26,35,10,50,16,19,56,22,14
34,42,24,52,33,45,55,53,39,40,51,22,19,18,16,30,21,50,15,46,29,35,56,54,48,28,41,49,26,43,11,13,27,38,31,44,17,36,32
48,14,51,20,40,53,38,24,43,32,19,17,28,37,33,45,34,21,23,30,27,29,35,16,25,55,12,36,18,41,15,49,47,39,42,31,54
48,54,29,56,53,15,23,47,42,20,43,57,44,36,24,41,52,25,55,30,13,21,27,16,40,45,38,17,28,39,37,26,14,35,22,46,32,33,19,31,49
34,53,18,24,54,14,47,33,19,36,41,49,40,38,45,22,32,35,57,48,31,56,55,21,20,17,51,37,23,16,39,26,29,25,15,44
54,21,18,56,40,55,23,32,41,47,49,34,35,51,19,28,24,45,43,39,38,30,50,52,15,16,53,25,42,22,44,29,27
30,33,57,52,21,39,41,40,28,55,22,38,48,24,51,56,29,27,19,47,50,25,36,31,17,44,26,20,49,45,35
27,42,50,37,46,18,25,44,29,57,38,54,41,19,39,24,23,21,55,32,34,33,17,40,28,43
45,47,29,19,48,42,30,41,52,27,26,37,51,36,53,57,50,40,38,31,46,54,39,56,43,22,23,25,44,35,33
26,47,48,33,57,53,27,32,38,46,30,42,40,35,54,22,56,21,37,28,31,23,45,34,43,25,51
33,44,41,24,22,38,48,30,46,51,43,55,45,21,34,37,28,47,49,56,32,39,26,54,40,29,23,27
29,28,27,37,47,38,35,50,22,49,23,21,34,48,42,41,36,46,45,31,56,53,32,24,52,51,57,44,43,54,55,33
26,45,46,57,44,48,24,30,35,43,27,41,34,31,22,33,29,23,49,54,25,36,50,55,42,52,39
44,50,27,45,33,55,52,51,53,56,49,39,43,23,57,47,25,24,54,36,28,48,32,46,35
43,56,24,38,31,36,40,29,52,48,54,53,35,34,30,41,46,33,57,27,50,44,45,28,39,51,32,37,55
46,27,36,32,31,41,38,29,35,53,54,33,26,49,52,25,44,28,48,34,45,42,43
52,28,31,55,35,53,56,29,27,44,41,33,38,51,48,47,54,36,32,30,57,39,37,34,46
41,34,57,40,36,51,46,47,45,39,30,38,48,28,55,42,37,52,33,35,53,29,56,44,54,31,49,32
47,31,34,46,57,52,35,56,30,29,36,42,54,32,41,51,28,50,37,33,43,48,38
54,56,41,36,48,32,42,47,29,31,50,44,52,43,30,38,57,53,37,34,33,40,45,51,55,35
45,54,35,57,43,48,37,44,52,31,53,55,36,42,46,33,32,39,38,34,40,41
49,57,33,34,46,48,39,54,35,42,47,52,53,36,44,31,45,43
52,42,45,54,49,48,33,35,32,38,41,43,46,51,44,57,39,37,34,47,50
56,47,38,53,54,34,41,43,44,35,51,33,55,40,36,46,49,37,42,50,52
38,44,56,41,57,34,55,52,50,43,49,39,37,47,42,35,45,36,51,53
46,43,35,38,50,55,36,51,44,49,37,42,45,39,47,54,40,57,52,48
54,49,36,48,41,52,53,42,38,55,37,47,43,56,46,40,51,57
55,47,44,49,57,38,40,43,42,53,41,51,52,50,37,45,39,54
38,39,51,47,42,46,48,44,40,55,45,50,41,43,52
41,51,57,47,56,52,46,39,43,44,42,40,45,55,50
57,48,55,56,51,50,46,49,53,42,44,40,45,54,47,43
53,55,50,46,41,54,51,44,57,56,45,48,42,43,52
47,51,43,48,57,45,55,54,46,50,44,52,49
50,49,52,54,53,45,57,48,51,46,44
52,45,57,46,48,47,44,54,51,56,55
45,52,49,51,54,47,56,50,48,57,53,46
52,46,55,57,49,51,47,48,50,53
52,57,49,53,51,54,55,48,47
49,50,56,54,55,57,51
54,52,53,50,51,49,56,55
53,55,51,56,54,52,57
55,53,51,52,56,57
56,54,57,53,55
56,54,57,53,55
54,56,57,55
55,57,56
57,56
57

57
Peasemore,51.48,-1.33
Aswarby,52.93,-0.40
Dengie,51.68,0.87
Biggin Hill,51.42,-0.11
New Quay,52.22,-4.37
Crabbs Cross,52.27,-1.93
Caistor,53.48,-0.32
North Wraxall,51.47,-2.26
South Ockedon,51.50,0.30
Stoke By Nayland,51.98,0.90
Rearsby,52.72,-1.03
Darlton,53.23,-0.85
Upper Holloway,51.57,-0.13
Kilcreggan,55.98,-4.83
Shepperton,51.38,-0.43
Little Salkeld,54.70,-2.67
Froyle,51.17,-0.92
Llanbrynmair,52.58,-3.65
West Wittering,50.77,-0.90
Collin,55.07,-3.52
Skellow,53.58,-1.20
Osborne,50.73,-1.27
Smethwick,52.50,-2.00
Litherland,53.47,-3.00
Little Budworth,53.18,-2.60
Sandsend,54.50,-0.67
Little Hampden,51.72,-0.75
Beach,56.33,-6.12
Brading,50.68,-1.15
Caston,52.55,0.90
Staffin,57.62,-6.20
Denston,52.15,0.57
Wendy,52.10,-0.07
East Kennet,51.40,-1.83
Cliddesden,51.23,-1.08
Witcham,52.40,0.15
Riby,53.55,-0.22
Bruichladdich,55.77,-6.37
Dreghorn,55.60,-4.62
East Challow,51.58,-1.45
Foulsham,52.78,1.02
Flynnon Taf,51.54,-3.27
Carstairs,55.70,-3.70
Annan,54.98,-3.27
Water Newton,52.55,-0.37
Ulceby,53.22,0.13
Hatfield,53.57,-0.98
Lamesley,54.92,-1.60
Cross Keys,51.44,-2.19
Burghead,57.70,-3.48
Madeley,53.00,-2.33
Bonchurch,50.60,-1.19
Holdenhurst,50.75,-1.82
Newmills,54.55,-6.73
Honington,52.97,-0.58
Wilmslow,53.33,-2.23
Dowlais,51.75,-3.37
12,43,56,14,38,33,36,19,9,28,32,15,47,10,31,5,40,13,48,11,30,6,42,45,37,22,2,52,3,8,17,44,21,54,24,53,4,51,26,7,50
19,12,24,9,17,54,56,10,30,52,34,14,45,49,23,47,5,39,36,38,32,13,11,42,27,31,4,28,33,6,55,41,15,29,48,40,20,26,43,25,37,35,8,3
39,41,20,56,50,42,34,13,45,26,23,21,30,22,18,24,9,48,8,33,10,31,52,54,40,16,25,49,35,7,43,47,14,4,36,55,11,27,32,37
52,6,32,56,57,17,47,28,12,25,45,15,42,35,11,30,43,18,23,27,9,46,13,36,54,55,39,49,44,22,10,19,8,40,7,5,24,33,31,41,21,34,20
50,44,32,46,49,33,28,40,54,9,29,6,42,27,18,48,11,35,21,26,45,15,16,34,31,12,37,10,43,23,47,36,56,51,17,7,30,8,22,24,55
22,27,24,12,18,35,39,14,17,42,21,19,29,37,40,30,45,32,48,47,33,9,41,52,16,31,15,23,8,56,26,36,53,55,51,44,25,10,50,49,28,43,13,57
55,15,18,11,29,53,39,40,56,21,50,57,54,33,28,25,9,52,41,45,26,27,17,24,19,36,12,51,16,31,44,48,49,37,34
27,18,10,50,26,37,15,54,39,28,22,9,16,13,53,19,47,31,56,38,11,45,46,43,21,25,14,40,23,35,48,36,33,29,34,51,55,41,49,12
52,46,35,31,25,22,57,13,11,49,43,51,44,42,29,48,38,39,14,28,23,15,21,16,41,33,32,12,30,40,18,34,50,27,56,36,17,54,19,37,47,45,53
22,19,47,39,26,49,57,37,13,16,29,52,17,48,12,33,56,42,41,30,18,31,15,14,51,45,24,38,21,44,20,54,53,55,25,50,43
38,28,42,21,34,22,57,41,25,39,47,13,27,52,14,55,26,30,40,23,15,18,49,45,17,16,20,33,53,50,12,37,29,31,56,48,51,32,54
49,15,48,31,18,20,36,57,35,46,24,50,26,16,52,44,43,39,32,37,19,53,33,28,56,34,30,40,27,29,25,17,51,14,23,21
52,37,23,48,29,43,17,21,33,31,49,50,53,26,28,18,27,20,25,45,32,46,42,51,19,44,39,38,47,30,36,34,54,16,22
57,34,32,31,26,16,27,24,48,38,47,33,56,50,42,40,28,35,25,41,20,54,30,19,55,36,44,45,53,23,46,43,22,18
30,36,54,22,57,23,55,44,46,25,51,33,35,20,34,53,37,24,43,29,39,21,28,56,50,47,52,31,27,16,42,41,45,18,38,19
54,57,33,38,51,50,35,43,52,21,30,17,26,29,39,48,45,24,37,28,34,31,32,53,19,22,20,47,55,46,40,23,56,18
30,46,48,34,33,37,51,23,52,47,31,43,25,42,24,57,50,39,20,56,29,26,18,28,45,53,21,44,49,19,54
52,26,20,30,39,44,34,49,40,48,43,51,56,25,37,32,57,31,29,23,21,50,19,22,54,46,28,24,36,38,33,55
27,43,28,57,33,49,38,29,44,53,22,21,23,54,24,50,42,39,25,36,34,32,35,48,55,56,46,20,37,30,26,47,40
39,35,53,49,52,29,25,24,47,57,27,23,50,31,56,55,28,38,42,37,32,22,33,41,34,46,43
39,42,26,23,41,24,47,52,37,30,38,43,29,22,57,33,35,48,51,55,40,34,46,56,50,53,45,25,32
24,42,33,25,50,29,34,31,51,38,23,39,44,55,56,30,28,54,26,27,35,57,53,49,43,52,32
27,26,53,25,49,31,24,37,29,34,43,39,33,50,54,48,46,51,47,38,36,32,52,56,44,55,41,57
50,37,33,35,51,41,30,29,54,28,36,52,56,46,43,38,55,47,45,39,32,40,34,48,49,53,44,57,27,25
52,35,56,42,32,44,40,26,41,45,54,55,27,51,57,36,30,53,28,43,31,29,47,34,50
31,53,36,39,54,34,37,43,44,49,57,33,27,48,30,50,29,52,46,42,47,55,45,38
48,31,38,29,47,51,50,30,46,40,49,52,41,39,34,57,33,42,45,36,28,53,54,37,55
52,45,40,53,56,55,31,34,35,41,43,37,38,42,49,46,48,54,30,47,36,32,39
49,42,54,31,38,41,32,44,34,56,39,53,48,51,52,50,43,57,33,37,46,55
39,44,41,50,37,40,46,47,51,55,52,38,32,31,53,56,45,36,42,33,35
56,48,49,55,46,36,43,42,54,51,50,53,44,37,38,57,34,40,45,41,47,39
38,36,51,44,55,52,48,33,35,40,54,56,50,53,57,42,37,45,41,46
42,35,56,46,44,45,36,41,53,57,43,38,50,34,54,49,52,55,37
41,53,40,42,37,52,50,38,56,54,48,57,44,36,49,39,43
44,45,43,48,53,47,46,37,49,42,51,38,50,55,39,40,56,41
44,50,39,42,54,55,43,57,56,51,40,49,37,46,53,41,52,47
39,41,57,40,44,38,53,48,56,49,50,55,45,52,54,43,47
50,54,57,55,39,49,45,46,43,47,44,40,56,53
55,41,40,53,52,51,44,56,57,43,50,45,42,48,46,49
53,50,52,57,55,56,44,47,45,54,41,51,42,48
47,53,45,49,48,50,52,54,43,55,44,46,42,56
56,45,55,53,51,43,54,49,44,47,46
47,48,52,44,45,55,54,53,49,51,56
46,57,47,55,53,50,51,45,56,48
57,46,54,48,55,56,52,47,49,50,51
50,49,56,47,57,53,52,55
55,54,57,53,49
53,56,54,55,52,51
57,53,50,56,54,51
51,55,52,56
55,56,53,52
55,56,54,57
54,57,55
56,55,57
56
57

49
Jarrow,54.98,-1.45
Whitson,51.55,-2.89
Manish,57.77,-6.87
Radcliffe On Trent,52.93,-1.03
Grantown,57.32,-3.62
Portmellin,50.25,-4.77
Wheaton Aston,52.72,-2.22
Normanton Le Heath,52.70,-1.43
New Bedfont,51.47,-0.43
Leominster,52.23,-2.73
Chapel Garioch,57.30,-2.47
Hendon,51.60,-0.22
Tynemouth,55.02,-1.45
Blaina,51.77,-3.17
Killingholme,53.58,-0.27
Mells,51.24,-2.39
Stonesby,52.80,-0.77
Warmingham,53.15,-2.43
Gnosall,52.78,-2.25
Old Monkland,55.83,-4.02
Cressage,52.63,-2.62
Brinsley,53.02,-1.32
Sharnal Street,51.43,0.57
Hawkinge,51.10,1.17
Alexandria,55.98,-4.60
Tenterden,51.05,0.70
Stonnall,52.63,-1.90
Milton Damerel,50.87,-4.30
Little Wittenham,51.63,-1.20
Finchley,51.60,-0.17
Llanbedr-y-cennin,53.20,-3.87
Stourbridge,52.47,-2.13
Plumpton Green,50.92,-0.05
Iwade,51.37,0.73
Bletchingdon,51.85,-1.27
Machrihanish,55.43,-5.75
Stanley,56.47,-3.45
Lamberhurst,51.08,0.38
East Hoathly,50.92,0.17
Erbusaig,57.30,-5.70
Dreghorn,55.60,-4.62
Astwood Bank,52.25,-1.93
Tilstock,52.93,-2.68
East Kirkby,53.08,-1.25
North Shields,55.00,-1.47
Llandrillo,52.92,-3.45
Brent Pelham,51.95,0.08
Granville,54.48,-6.80
East Ferry,53.48,-0.77
38,26,37,18,7,40,47,12,15,21,24,36,35,3,49,48,25,29,31,46,33,4,14,16,28,19,34,20,8,2,23,41,5,9,30,43,44,10,32,6,13
21,23,28,34,36,19,26,15,49,35,20,48,40,41,5,6,27,7,29,17,30,25,42,38,11,47,18,24,33,10,39,8,16,12,14,45,46,3,4,43
48,8,7,24,22,20,31,26,28,16,5,29,34,32,38,12,44,10,15,6,42,47,46,45,30,14,25,43,4,9,27,35,13,49,33,17,41,21
13,33,44,45,9,6,46,26,24,43,28,8,7,34,21,49,31,11,29,39,19,36,48,38,25,27,14,12,32,15,42,40,41,23,18,10,16
39,46,43,13,24,17,8,36,6,27,22,12,26,9,29,35,31,32,19,42,23,37,14,49,21,48,7,34,16,45,30,25
37,28,42,39,22,34,27,26,12,47,36,11,16,21,49,10,15,23,24,45,18,13,35,19,17,25,14,20,41,32,43,44,7,46
20,40,47,44,27,10,42,25,15,30,18,37,9,39,43,14,24,45,13,26,21,48,8,22,19,35,29,17,12
23,34,41,48,22,11,18,19,12,13,29,45,37,35,10,44,27,40,31,36,43,17,20,24,9,49,28,21,26,25,33
21,44,25,24,39,37,41,33,20,46,42,36,26,23,35,45,34,15,16,29,18,27,40,48,19,28,49,47,13,14,10,17,30,31
38,15,19,49,44,43,45,21,14,18,16,39,11,29,20,32,12,25,26,30,35,36,27,40,31,34,42
39,24,48,23,19,47,44,45,20,30,22,13,31,40,41,43,49,27,29,46,42,18,26,21,14,16,32
32,42,34,38,27,36,44,33,13,47,18,16,49,35,28,29,45,25,24,15,21,17,23,37,39,43,20
44,37,18,48,36,35,28,38,30,25,49,22,31,23,39,29,34,33,19,27,15,43,17,16,20,14
23,44,47,36,19,17,22,45,34,43,49,21,27,46,39,48,32,15,28,25,31,18,30,41,29,38,40,42,20,24
22,48,43,19,42,41,37,46,27,40,18,45,29,20,33,32,35,26,39,23,16,49,21,31,24,28,34,30,17
17,27,48,33,49,44,24,42,20,39,21,22,36,25,23,37,32,38,31,41,19,26,43,35,29,18,28
31,26,30,49,48,27,38,23,34,35,41,42,24,32,33,22,40,39,36,46,18,21,19
46,25,22,24,34,31,35,48,27,47,44,38,49,42,29,28,33,23,40,39,45,19,32
28,20,49,37,46,23,32,24,40,42,35,30,27,39,31,29,21,34,48,26,33,41,36
23,43,21,49,37,41,40,38,30,32,29,24,42,36,22,34,25,44,45,33,26,31,48,47,35,39,46,28
48,22,42,29,38,36,46,30,40,33,35,44,28,32,45,43,25,47,26,39,27,31,49
31,44,32,40,35,46,28,30,34,38,42,27,33,25,26,48,47,24,36,23,37,41,49,39
41,29,37,34,44,39,30,49,38,26,31,32,36,24,35,48,42,46,27,28,40
40,37,47,31,34,45,33,29,44,27,48,41,42,35,25,38,26
34,41,30,29,31,27,38,36,43,35,37,47,44,32,26,49,39,28,40,46
27,41,44,43,36,38,46,31,28,45,47,49,39,34,48,29,42,35,33
31,30,44,46,41,35,29,34,47,28,39,43,48,32,40,38,49,45,36
35,47,29,45,44,39,48,46,33,49,32,36,31,34,40,43,38,37,30
46,31,38,40,45,35,37,34,48,47,42,30,44,49,33,36,41
38,37,47,41,33,49,32,40,36,35,34,43,39,45,46
44,48,37,32,45,43,49,42,35,34,47,46,38,39
33,43,45,38,40,35,47,39,41,37,34,49,44
46,48,47,43,41,44,40,42,49,36,39,34
36,39,41,46,38,47,42,45,35,48,49,43,44,40
42,48,49,46,47,45,43,40,39,37,41,38
41,40,43,49,44,47,38,37,45,46,42,48
38,49,46,48,44,40,47,41,42,43
40,39,44,49,47,48,42
41,45,47,42,43,46,40
44,41,42,47,49,46,43
46,49,48,45,44,43,42,47
49,44,47,48,45,46
49,48,47,45,46
47,46,49,45
46,49,47
47,49,48
48,49
49

