47
Helensburgh,56.02,-4.73
Hornblotton,51.10,-2.59
Lower Chapel,52.00,-3.42
Llandrinio,52.73,-3.05
Colwick,52.93,-1.08
Burtle,51.19,-2.86
Gifford,55.90,-2.73
Tatenhill,52.78,-1.70
Bicknoller,51.15,-3.27
Glastry,54.48,-5.48
Bessbrook,54.20,-6.42
Hempnall,52.50,1.30
Saxton,53.82,-1.28
Forest Row,51.08,-0.03
Sharnford,52.52,-1.28
Burton Leonard,54.07,-1.50
Toome,54.75,-6.45
Whepstead,52.18,0.68
North Tawton,50.80,-3.90
Ashperton,52.07,-2.52
Melborn,52.08,0.02
Kingham,51.90,-1.62
Blantyre,55.77,-4.10
Sherfield English,50.98,-1.58
Wortham,52.35,1.05
Earby,53.92,-2.12
Bexhill,50.85,0.48
Shottery,52.18,-1.72
Delamere,53.22,-2.67
Cofton Hackett,52.37,-1.98
Aycliffe,54.60,-1.55
Harold Wood,51.58,0.23
Glatton,52.45,-0.30
West End,50.92,-1.33
Bishop Burton,53.83,-0.50
Coalport,52.62,-2.45
Littleborough,53.63,-2.10
Holbeck,53.25,-1.18
Mouswald,55.03,-3.47
Sowerby Bridge,53.70,-1.92
Killylea,54.35,-6.78
Patching,50.83,-0.45
Witton Gilbert,54.80,-1.63
Brading,50.68,-1.15
Dolphinton,55.70,-3.42
Mochdre,52.48,-3.37
Monks Risborough,51.72,-0.82
2,17,15,12,42,29,10,35,40,6,3,22,5,27,11,32,47,20,13,36,9,28,41,4,8,7,30,14,21,46,45,34,31,16,26,19,39,25,37,33,24,18,44,23,43,38
19,37,27,23,45,42,7,6,24,5,44,46,35,18,17,21,14,4,34,8,16,3,43,39,31,33,11,38,32,15,26,40,9,28,22,25,29,20,41,13,36,47,30,12,10
40,29,20,46,10,38,6,42,25,18,33,27,47,24,31,44,39,17,11,23,4,37,45,5,13,16,9,35,21,26,36,12,19,28,41,22,30,32,14,8,34,7,15,43
5,30,34,31,21,14,15,7,13,36,17,18,35,24,42,29,10,23,26,16,12,43,38,9,41,6,46,27,25,33,8,39,32,45,22,44,37,20,47,28,11,40,19
23,13,24,36,15,45,19,21,9,46,40,32,31,8,47,38,44,18,42,27,25,28,41,6,20,12,7,17,30,37,14,16,43,33,39,34,26,22,29,10,11,35
17,11,13,43,18,41,15,46,32,29,30,27,8,44,21,24,7,35,14,42,36,45,47,26,39,9,20,33,23,37,12,25,38,10,34,16,31,40,22,28,19
19,30,18,10,37,11,12,39,28,25,8,40,17,22,21,16,27,43,15,23,46,20,14,44,32,26,9,36,47,42,31,34,38,33,24,13,41,45,29,35
33,20,25,9,29,40,11,10,15,22,12,17,19,32,18,38,27,23,41,47,30,37,35,13,45,46,26,31,14,28,36,43,16,24,39,21,42,44,34
26,30,38,47,28,25,23,11,19,24,46,14,27,36,40,20,18,16,15,39,13,44,17,35,45,10,29,22,31,34,33,12,21,32,41,42,37,43
27,28,16,19,23,14,13,38,32,37,40,44,35,22,46,24,18,15,26,42,41,21,39,31,20,43,17,25,11,30,47,12,45,34,29,33,36
34,12,25,20,28,18,39,37,38,32,44,15,42,40,35,46,22,29,17,21,30,23,26,47,43,27,33,31,24,16,41,14,13,45,36,19
24,31,47,26,27,19,29,46,28,21,14,20,38,18,39,15,23,41,17,35,40,37,32,30,33,36,22,44,16,34,42,45,25,43,13
29,42,44,28,37,33,31,39,18,35,14,30,41,22,24,20,15,25,27,43,16,17,46,21,32,40,36,19,45,23,26,34,38,47
16,28,38,18,19,20,43,42,24,40,30,44,46,15,21,39,35,36,17,41,32,47,31,33,23,26,34,22,29,27,37,25,45
46,35,27,38,44,32,29,28,39,17,24,36,18,26,25,45,31,21,40,47,30,20,16,42,23,34,43,22,33,37,41,19
29,30,18,46,31,27,17,24,47,21,36,26,42,44,25,37,28,40,45,43,32,33,20,22,41,38,19,34,23,39,35
35,38,27,24,23,20,31,46,25,29,42,40,18,26,32,28,45,44,41,43,34,19,22,37,39,36,21,30,33,47
22,37,21,19,47,32,45,38,25,30,41,40,23,43,46,34,29,35,44,42,39,24,26,20,27,36,31,28,33
43,27,46,28,32,20,45,24,25,42,39,37,22,21,33,47,23,36,38,26,41,31,29,35,44,30,40,34
23,46,24,25,47,45,41,40,33,37,42,26,36,38,35,43,44,39,22,31,30,21,32,29,28,27,34
29,39,44,32,40,34,36,31,28,27,38,42,45,37,26,24,25,46,41,35,23,33,30,47,22,43
33,30,39,44,37,34,29,41,47,32,31,27,23,43,36,26,24,35,42,40,46,38,45,28,25
25,47,36,33,32,27,29,31,34,39,24,40,28,46,38,35,30,37,41,26,43,42,44,45
39,33,25,37,32,44,34,45,38,28,29,30,42,35,47,27,41,43,31,40,36,46,26
46,42,33,38,44,32,26,27,31,47,43,29,35,30,39,41,34,36,45,28,37,40
28,33,32,43,39,27,36,38,42,29,46,37,34,35,41,45,40,44,30,31,47
31,43,32,38,33,47,35,37,41,36,34,40,46,42,44,39,28,45,29,30
35,34,44,39,32,38,31,30,40,45,37,46,29,41,33,43,36,47,42
31,37,44,34,36,39,43,32,40,41,33,46,38,35,42,45,30,47
42,33,39,46,38,32,41,40,34,43,36,45,37,35,44,47,31
40,38,37,39,42,33,45,36,43,35,41,47,32,44,34,46
33,37,39,40,47,42,46,45,35,43,36,41,38,34,44
46,45,35,47,41,34,43,42,36,44,38,40,37,39
45,44,37,47,42,46,41,39,35,38,36,40,43
46,43,47,36,41,39,40,38,37,44,42,45
45,43,47,41,46,37,39,40,38,44,42
41,43,46,47,45,42,40,44,39,38
46,45,43,47,42,39,41,44,40
42,41,47,45,40,43,46,44
46,44,42,45,43,41,47
46,42,44,47,43,45
46,44,45,43,47
47,45,46,44
46,45,47
46,47
47

53
Craigdarroch,55.20,-3.98
Horsham,51.05,-0.33
Fowey,50.33,-4.64
Crail,56.27,-2.63
Fiskerton,53.05,-0.90
Middle,52.82,-2.78
Wolverhampton,52.58,-2.13
Salford Priors,52.15,-1.88
Crianlarich,56.38,-4.60
Llithfaen,52.95,-4.45
Northaw,51.70,-0.15
Lamberhurst,51.08,0.38
Crimond,57.60,-1.90
Wadsworth,53.47,-1.15
Little Chesterford,52.05,0.18
Hackforth,54.33,-1.60
Heaton Chapel,53.43,-2.18
Rhigos,51.74,-3.56
Busby,55.77,-4.25
Brockagh,54.55,-6.60
East Guldeford,50.95,0.75
Bickley,53.03,-2.70
Caergwrle,53.10,-3.03
Treherbert,51.67,-3.53
Galston,55.58,-4.38
Gourdon,56.82,-2.28
Cefneithin,51.80,-4.10
Chattisham,52.03,1.05
Shinfield,51.40,-0.95
Blairhall,56.07,-3.60
Helmsley,54.25,-1.07
Thornley,54.75,-1.43
Llanybyther,52.07,-4.17
Shelton,52.98,-0.83
Torksey,53.28,-0.73
Fairlie,55.75,-4.85
Orleton,52.30,-2.75
Crayford,51.43,0.18
Aghanloo,55.10,-6.93
Saint Pauls Walden,51.88,-0.27
Pettinain,55.67,-3.67
Suckley,52.17,-2.42
Copley,54.62,-1.87
Bisterne,50.80,-1.78
Brotton,54.57,-0.93
Wantage,51.58,-1.40
Llanddona,53.28,-4.13
Helmshore,53.68,-2.33
Kennerleigh,50.85,-3.68
Coulsdon,51.30,-0.12
North Leigh,51.80,-1.43
Welbury,54.42,-1.38
Swinhope,53.45,-0.17
6,22,17,3,35,39,44,53,30,32,10,37,34,5,45,36,29,41,49,4,47,52,43,24,31,8,11,12,25,19,42,50,46,48,13,33,7,16,9,40,26,14,2,38,51,21,27,20,23,28,18,15
4,15,48,9,12,49,33,29,39,38,25,36,17,16,5,21,8,35,45,23,43,27,37,11,20,28,7,51,34,50,52,18,14,41,32,46,31,40,19,47,6,26,3,10,53,22,42,30,44,24,13
45,35,49,4,47,24,40,22,33,37,21,19,42,34,11,10,17,16,39,50,28,29,32,15,44,14,27,18,30,5,13,7,31,6,9,41,38,53,8,26,46,52,36,12,23,25,20,51,48,43
50,16,31,34,15,51,40,33,18,45,29,9,21,23,39,25,7,52,11,53,24,22,36,35,12,20,38,32,30,42,5,8,47,44,46,14,27,19,17,41,43,37,48,26,13,10,49,28,6
17,49,14,34,46,8,45,25,28,21,26,7,37,29,42,40,35,52,20,36,13,23,32,18,53,33,11,27,38,9,51,12,50,19,47,41,48,39,44,24,30,31,10,6,22,43,16,15
43,14,25,40,51,27,21,31,34,11,33,38,45,24,42,12,16,39,44,18,53,19,8,49,28,48,26,35,36,37,41,10,7,13,29,20,52,32,47,22,15,17,23,30,9,46,50
17,32,25,48,16,45,9,20,15,11,8,30,44,24,23,33,12,28,10,22,37,13,21,29,35,39,53,51,50,46,36,49,19,27,18,43,31,47,41,42,26,52,38,34,14,40
30,12,27,19,39,15,38,49,43,34,44,40,37,53,21,45,52,22,10,31,18,26,33,28,24,20,25,23,50,16,46,36,42,14,35,13,51,29,48,32,11,17,47,41,9
22,33,32,42,46,48,12,40,50,36,19,15,49,10,29,47,45,18,13,38,37,16,43,44,11,34,35,17,39,28,30,41,26,51,24,31,14,27,25,23,21,52,53,20
40,28,37,16,33,31,52,23,15,50,39,43,29,48,24,32,49,36,38,45,30,47,51,53,25,21,41,14,42,26,12,34,20,13,19,44,35,46,27,18,17,11,22
39,32,23,25,13,40,48,21,19,20,24,43,14,17,30,27,42,34,22,47,18,46,45,35,15,12,16,49,38,36,53,37,50,51,44,28,26,41,31,29,33,52
21,16,37,50,33,31,36,19,38,48,26,27,53,22,18,13,49,32,20,51,44,17,39,43,29,25,42,34,24,52,46,45,15,40,41,28,30,23,14,35,47
24,15,31,44,26,22,34,50,36,53,43,30,46,21,37,38,49,33,29,39,23,28,20,16,14,48,47,51,27,19,40,25,17,18,42,45,52,41,35,32
53,37,34,19,16,32,30,43,45,25,28,35,51,40,17,29,50,39,21,44,49,20,41,27,36,26,18,15,33,42,22,46,31,48,47,24,23,38,52
35,23,53,52,48,47,33,16,27,42,40,46,31,45,36,25,32,49,28,20,43,51,44,41,38,34,21,24,22,30,37,17,26,29,50,39,19,18
52,46,51,24,39,29,23,30,41,18,49,44,21,43,20,19,31,40,17,28,34,37,50,32,26,35,48,22,36,33,42,38,25,27,45,47,53
25,48,24,44,30,23,52,33,45,47,35,49,20,34,40,22,19,37,46,43,41,39,32,36,21,42,31,27,50,26,51,53,38,18,29,28
35,27,40,50,32,42,19,48,43,45,34,23,46,20,22,49,29,30,26,47,52,38,28,37,33,36,44,25,24,51,21,53,39,41,31
46,25,47,48,29,23,22,40,31,50,45,27,34,42,30,49,53,38,52,39,20,41,37,28,26,32,21,35,33,51,36,43,44,24
45,26,39,41,24,22,46,44,51,47,50,52,49,36,29,31,32,28,34,42,38,21,35,48,30,43,53,27,33,25,40,23,37
30,41,26,36,40,23,50,34,49,43,32,27,51,35,37,22,25,42,53,28,24,47,38,46,39,44,31,52,48,45,33,29
28,26,24,27,49,36,25,53,23,39,38,42,30,44,40,46,33,29,32,50,45,37,35,41,52,43,34,47,31,48,51
37,29,53,49,38,47,36,51,45,25,33,34,46,31,27,35,40,48,44,50,32,30,24,26,28,39,52,43,41,42
28,36,33,26,34,53,29,42,35,31,47,43,44,48,52,40,37,45,41,38,51,46,32,25,27,39,30,49,50
53,32,40,37,41,43,48,44,26,30,42,51,47,31,49,28,38,36,45,50,52,34,46,39,29,35,33,27
44,51,47,43,34,46,38,45,27,53,41,50,28,52,29,39,37,33,40,42,35,32,49,31,30,48,36
49,33,48,41,47,35,52,44,32,37,42,43,46,51,30,45,53,40,34,28,29,31,50,38,36,39
42,40,49,52,46,39,32,47,33,29,45,38,50,30,35,34,43,53,41,44,36,31,37,51,48
33,30,40,32,51,41,44,42,48,43,46,35,31,39,53,36,38,34,50,45,47,37,52,49
46,47,32,53,49,45,37,38,34,39,36,48,31,33,42,50,52,43,44,40,51,41,35
49,38,35,50,51,45,34,40,44,48,33,32,42,37,53,43,41,36,52,46,47,39
37,41,48,47,38,50,35,39,40,33,43,44,42,45,49,52,46,53,34,51,36
51,37,53,34,45,48,35,41,47,39,46,40,52,43,38,44,50,36,42,49
49,43,51,52,45,46,36,53,41,40,48,50,35,38,47,44,39,42,37
47,49,43,44,37,45,52,42,51,40,41,53,48,39,38,46,50,36
49,43,53,41,44,40,48,37,47,46,52,39,42,51,50,38,45
43,44,47,42,40,53,39,48,38,49,52,45,51,46,50,41
42,45,43,51,39,44,41,53,49,46,40,52,50,47,48
48,47,42,50,44,41,52,40,43,53,51,45,46,49
47,44,46,43,42,48,52,49,45,50,41,53,51
51,44,50,52,43,49,45,47,53,42,48,46
47,50,43,51,45,44,49,46,53,52,48
46,45,44,51,52,53,47,50,49,48
47,51,49,48,46,53,45,50,52
53,50,47,48,51,46,49,52
51,53,47,52,50,49,48
49,52,51,48,50,53
53,51,50,52,49
51,52,50,53
52,51,53
52,53
53

49
Hinxton,52.08,0.18
Coleorton,52.75,-1.40
Wyke,53.73,-1.77
Wrestlingworth,52.10,-0.15
Kennerleigh,50.85,-3.68
Trotterscliffe,51.30,0.35
Stepaside,51.73,-4.71
Polruan,50.32,-4.62
Crowborough,51.05,0.15
Cauldon,53.03,-1.88
Myton,54.08,-1.32
Kenton,55.00,-1.65
Nacton,52.02,1.23
Salperton,51.87,-1.88
Birtley,55.08,-2.18
Worle,51.37,-2.93
Drummore,54.67,-4.90
Rudry,51.57,-3.17
Yarpole,52.28,-2.78
Aberdare,51.72,-3.45
Loans,55.55,-4.63
Halberton,50.90,-3.42
Jesmond,54.98,-1.60
Bridgend,51.51,-3.58
Tanygrisiau,52.97,-3.93
Balkholme,53.73,-0.82
Burton Salmon,53.73,-1.27
Tetsworth,51.70,-1.00
Redgrave,52.37,1.00
Crayford,51.43,0.18
Thorpe,53.05,-1.75
Sollas,57.65,-7.35
Brimscombe,51.72,-2.19
Sidestrand,52.90,1.37
Risby,52.27,0.63
Leamington,52.30,-1.53
Glen Parva,52.57,-1.12
Medbourne,52.52,-0.82
Wilmington,50.80,0.18
Sampford Courtenay,50.78,-3.95
Cold Ashton,51.45,-2.36
Northrepps,52.90,1.33
Church Leigh,52.92,-1.97
Caldecote,51.63,-0.33
Shirehampton,51.49,-2.68
Port Ellen,55.63,-6.18
Gawcott,51.97,-1.00
Shotteswell,52.10,-1.38
Fearn,57.77,-3.97
7,49,12,44,31,26,5,29,41,11,10,8,47,42,2,24,33,3,23,22,46,20,4,16,35,40,43,36,48,13,14,9,32,45,15,25,6,18,19,21,34,37,27,17,38,30,28,39
42,40,10,33,28,39,47,41,3,17,32,48,20,37,16,34,15,11,23,18,9,24,12,13,25,35,4,26,43,19,29,36,46,49,6,5,21,30,31,38,44,27,22,45,7,8,14
10,16,44,8,45,21,40,9,34,32,27,22,5,30,26,38,48,19,42,6,15,49,37,14,35,25,46,23,43,28,47,17,33,41,18,36,12,13,39,31,20,11,24,4,7,29
45,43,33,42,13,40,32,35,11,20,48,23,8,17,22,30,12,5,46,6,19,14,36,25,9,10,34,37,29,49,7,47,27,41,44,38,31,15,16,21,18,39,28,24,26
17,14,46,31,21,10,19,32,11,18,12,27,20,41,37,24,22,49,15,42,26,44,8,48,39,29,16,43,40,45,28,35,9,7,13,34,30,36,25,6,33,47,23,38
41,29,7,15,25,34,28,30,44,20,32,37,14,12,13,24,11,9,18,17,38,42,35,46,40,19,23,27,16,43,36,45,10,8,31,21,33,26,49,48,22,39,47
14,15,38,42,10,19,17,31,25,28,23,34,32,39,43,30,35,21,41,13,46,20,8,47,40,9,27,12,33,22,26,49,29,45,24,36,11,18,44,16,48,37
17,34,44,38,47,49,41,45,19,36,28,22,21,16,42,46,30,10,40,48,18,27,37,35,26,12,29,24,39,13,33,20,43,32,23,14,15,9,11,25,31
32,38,41,14,44,12,42,19,49,33,21,34,46,13,47,22,11,39,25,37,23,45,36,18,16,28,29,31,26,27,20,10,48,35,40,30,24,15,43,17
49,45,11,25,22,41,36,47,48,42,32,17,29,13,23,20,19,21,37,40,31,44,30,38,28,18,16,12,46,39,15,43,34,35,27,33,14,26,24
28,16,19,43,18,24,37,36,26,47,27,33,46,13,44,17,45,15,23,12,42,39,29,20,30,34,48,35,31,14,32,38,49,40,25,22,41,21
18,32,36,46,40,45,31,23,39,33,25,29,43,13,14,27,15,37,24,41,42,44,35,38,16,20,28,17,26,49,47,48,34,19,30,22,21
38,34,20,22,19,48,45,32,24,36,21,47,43,27,44,31,33,46,15,29,16,30,17,14,25,23,35,28,37,42,41,18,39,40,49,26
23,36,22,26,20,45,39,17,47,15,19,24,46,35,48,34,30,43,40,32,49,21,28,44,42,25,41,31,27,38,33,29,18,16,37
21,37,34,27,35,40,42,22,31,46,33,16,18,44,49,26,45,43,48,20,30,17,24,23,47,38,29,41,25,36,39,28,19,32
39,20,33,18,42,32,48,30,35,26,40,22,36,21,34,28,41,37,31,29,49,47,17,19,45,43,27,44,46,38,23,24,25
31,19,38,18,21,23,49,36,39,40,33,30,45,44,29,26,32,28,34,27,35,20,42,47,43,48,25,41,37,22,24,46
34,26,22,19,20,25,45,32,43,48,47,39,29,21,49,44,27,24,42,31,38,28,37,46,23,41,40,36,30,35,33
45,29,44,31,23,38,35,21,39,20,49,41,32,24,28,43,47,40,42,22,27,48,26,46,33,25,34,37,36,30
30,21,46,48,32,49,45,47,26,25,31,23,44,22,43,36,33,37,28,38,35,24,42,29,41,27,34,40,39
32,46,47,37,22,24,44,43,31,33,23,34,42,45,49,30,27,41,29,28,40,39,48,38,26,25,35,36
42,36,31,35,24,45,40,41,44,38,48,37,25,39,23,30,33,28,49,27,46,47,34,32,26,43,29
30,40,43,31,28,37,42,27,25,26,35,41,36,34,29,32,46,38,49,45,33,39,47,48,44,24
44,49,28,43,36,35,45,46,41,33,29,31,25,40,30,27,37,34,39,26,48,47,32,38,42
43,44,37,26,27,45,42,31,28,49,47,33,38,48,46,32,30,41,40,29,35,36,39,34
47,49,46,38,30,35,32,45,31,48,42,34,39,43,33,40,37,27,28,29,36,41,44
35,36,28,33,34,38,47,40,45,48,29,42,46,43,32,30,49,31,44,37,41,39
45,35,42,33,48,49,41,34,32,39,29,43,44,37,36,38,47,31,46,30,40
48,30,35,37,36,47,43,40,49,44,31,39,46,45,34,42,41,33,32,38
48,46,31,42,32,33,40,49,38,34,35,36,37,44,41,45,47,39,43
39,35,34,37,41,48,49,47,40,42,38,36,46,33,44,32,43,45
40,44,41,34,36,48,37,47,42,43,33,45,38,46,39,35,49
44,41,40,37,38,47,45,49,36,48,43,34,46,39,35,42
42,45,39,49,46,40,43,36,48,44,35,37,38,41,47
39,48,36,47,43,45,37,49,38,42,44,46,41,40
44,42,41,38,40,39,49,46,37,45,43,48,47
49,47,45,46,43,41,39,42,48,40,44,38
48,39,42,40,44,41,43,45,47,49,46
41,49,48,42,47,46,40,45,43,44
48,49,45,44,43,47,41,42,46
46,43,45,44,48,42,49,47
45,43,49,46,47,44,48
48,49,44,46,47,45
48,49,46,45,47
46,48,49,47
49,47,48
49,48
49

58
Spinningdale,57.87,-4.23
Thornaby,54.53,-1.30
Gaydon,52.17,-1.47
Shropham,52.50,0.92
Darton,53.58,-1.53
Gestingthorne,52.02,0.65
Lympsham,51.28,-2.95
East Markham,53.25,-0.88
Killough,54.25,-5.63
South Tawton,50.73,-3.90
Willenhall,52.60,-2.03
Rhigos,51.74,-3.56
Dorking,51.22,-0.33
Tolleshunt D'arcy,51.77,0.80
Billingborough,52.88,-0.33
South Newbald,53.80,-0.62
Saint Ives,50.21,-5.49
Great Baddow,51.70,0.50
Thurcaston,52.68,-1.15
Addington,51.93,-0.92
Glasbury,52.03,-3.20
Houghton Conquest,52.05,-0.47
Fauldhouse,55.82,-3.72
Hexton,51.95,-0.38
Peasenhall,52.27,1.45
Ulverston,54.20,-3.10
Bransford,52.17,-2.32
Lindfield,51.00,-0.07
Glazebury,53.47,-2.50
Auchinleck,55.47,-4.30
Lynton,51.22,-3.83
Maiden Bradley,51.15,-2.28
Farningham,51.37,0.22
Marston Maisey,51.67,-1.82
Kirklinton,54.98,-2.88
Oakley,56.07,-3.55
Redhill,51.37,-2.72
Little Badminton,51.56,-2.29
Dingwall,57.60,-4.45
Burscough,53.60,-2.87
Chepstow,51.64,-2.68
Heapey,53.67,-2.62
Pitsford,52.30,-0.88
Stenton,55.95,-2.60
Farmboro,51.34,-2.49
Knighton,52.35,-3.05
Kilbarchan,55.83,-4.55
Callow,52.02,-2.73
East Calder,55.90,-3.47
Tweedmouth,55.75,-2.00
North Witham,52.77,-0.62
Llanallgo,53.33,-4.25
Bethesda,51.83,-4.77
Billingshurst,51.02,-0.45
Windsor,51.48,-0.60
Houston,55.87,-4.55
Ewell,51.15,1.27
Dulwich,51.45,-0.08
39,41,33,58,4,6,35,3,42,26,2,7,46,49,24,14,25,17,19,32,9,53,34,56,29,38,31,16,57,55,51,37,36,28,21,50,10,13,44,27,8,23,12,52,18,11,20,40,48,45,5,47,30,15,22,43,54
41,56,38,34,47,40,30,16,14,4,29,17,48,42,23,22,25,6,18,12,3,20,37,35,55,21,15,33,19,46,45,52,53,13,8,57,54,27,10,36,44,51,43,9,32,5,50,26,7,28,11,39,24,31,49,58
55,21,33,25,52,22,45,35,5,30,53,26,18,9,58,44,51,7,37,20,38,50,40,36,14,41,17,46,56,48,27,11,42,43,15,28,34,12,16,39,54,31,29,49,6,24,23,32,4,8,57,13,10,19,47
34,28,45,12,46,58,50,13,27,47,7,38,10,14,20,15,53,54,35,30,49,41,48,16,40,17,8,43,39,9,29,32,26,57,5,33,55,42,6,52,36,31,51,18,56,19,23,24,22,37,11,21,25,44
11,12,24,33,49,21,28,50,56,23,39,17,45,57,16,55,25,26,53,43,46,47,31,13,54,51,18,42,7,41,20,32,14,27,34,8,58,6,44,37,9,30,22,29,19,52,15,35,10,38,40,48,36
11,27,48,58,57,40,9,37,49,30,29,15,54,25,52,39,8,47,14,7,45,55,46,34,41,51,32,43,18,36,44,26,31,10,56,35,24,50,23,16,19,13,38,53,28,20,42,22,33,17,12,21
51,29,58,30,53,46,21,41,22,44,56,20,16,54,19,12,23,52,39,24,37,48,27,43,50,18,49,13,14,8,17,40,45,36,25,32,11,42,47,34,31,28,10,15,26,57,9,38,35,33,55
58,10,54,41,57,28,52,50,9,11,32,31,14,46,39,35,36,40,24,22,47,27,19,56,55,13,33,37,21,17,26,18,20,16,45,49,12,25,23,48,30,29,34,15,38,44,42,53,43,51
24,54,42,15,52,33,13,34,38,55,44,50,39,10,25,53,21,20,28,47,12,36,27,26,23,22,17,30,14,11,43,49,46,35,48,51,29,40,32,45,41,58,31,37,16,56,19,57,18
38,18,25,28,37,27,47,52,43,39,57,29,50,12,45,24,53,35,36,34,44,13,16,58,31,41,19,30,26,21,11,54,49,40,33,20,48,42,46,17,32,23,22,55,14,56,15,51
44,13,25,42,28,21,17,45,58,52,51,36,30,32,54,35,50,33,56,46,48,57,39,55,15,49,16,22,26,18,23,29,31,14,40,38,12,41,43,19,53,47,27,37,34,20,24
27,51,31,44,42,17,40,46,22,48,47,43,55,49,36,41,38,18,26,19,53,20,50,56,29,58,39,30,14,52,28,57,37,25,13,16,24,32,45,34,35,21,23,33,15,54
42,50,41,25,24,18,21,51,37,52,54,32,38,40,22,47,27,31,15,16,49,39,20,28,57,14,48,36,55,46,23,43,44,33,58,30,17,34,19,29,45,53,56,35,26
56,50,48,43,25,55,24,28,16,21,49,41,34,23,53,38,31,33,45,39,46,52,26,35,32,51,19,54,47,27,29,57,42,37,36,18,44,40,58,22,30,17,15,20
49,50,33,41,52,48,16,53,51,54,56,42,19,57,47,22,27,20,45,29,44,28,34,46,31,30,36,40,38,37,18,24,39,21,55,32,23,17,26,25,58,35,43
49,57,21,43,18,56,20,22,51,41,58,36,27,17,26,38,28,53,35,29,23,31,40,48,34,25,52,19,39,42,50,30,37,33,45,47,44,54,46,24,32,55
58,51,40,23,44,39,34,49,25,57,43,48,29,53,54,24,21,36,52,27,50,42,45,19,31,20,33,28,22,38,55,41,18,26,32,46,47,35,56,37,30
29,47,22,33,44,37,36,53,31,48,46,27,54,41,32,20,55,40,56,26,38,19,23,21,58,28,49,25,57,35,30,45,51,50,24,43,52,34,42,39
51,53,48,46,37,39,33,40,38,55,41,34,45,21,42,24,22,27,36,58,29,56,49,30,54,26,57,32,44,23,28,31,47,20,43,50,52,25,35
53,29,52,49,44,34,43,22,30,23,31,21,24,36,51,25,40,56,55,35,57,42,50,48,46,47,58,39,32,38,37,26,54,28,33,27,41,45
29,51,39,58,28,26,42,43,25,53,34,27,49,31,35,44,37,55,45,52,48,57,33,47,56,40,41,23,30,22,50,38,54,32,24,46,36
44,53,52,30,49,50,25,33,26,43,55,47,48,56,37,58,35,29,24,45,31,39,34,42,57,51,36,40,41,23,46,38,27,54,28,32
25,34,42,36,43,27,56,57,54,29,39,30,50,40,33,37,47,51,58,24,55,53,35,45,28,41,49,26,48,38,52,31,46,32,44
44,37,46,54,36,42,38,52,53,31,27,28,40,58,57,50,29,39,43,41,55,34,32,48,47,51,33,26,25,56,45,35,49,30
49,37,56,28,42,35,40,44,38,39,50,57,45,41,46,43,32,36,26,31,29,48,53,55,47,54,27,34,51,52,58,30,33
53,42,32,45,41,49,47,51,46,33,50,27,40,29,36,52,28,56,48,34,43,38,39,57,55,31,54,58,44,37,30,35
30,36,44,46,54,51,49,56,41,34,33,57,50,43,29,47,52,35,28,48,55,38,37,53,45,31,40,39,42,58,32
48,38,31,54,41,49,55,39,56,57,29,46,51,33,32,42,35,37,36,58,50,53,34,47,30,43,45,52,40,44
39,56,43,58,55,41,57,31,53,35,32,52,54,37,38,45,47,48,49,46,44,50,36,42,51,33,30,34,40
41,40,49,56,50,33,58,55,32,34,52,36,44,43,38,45,47,51,54,57,42,46,48,31,35,39,37,53
58,32,44,37,35,50,40,42,48,47,54,52,51,55,33,49,56,38,53,45,57,34,39,36,46,41,43
38,45,47,39,48,46,36,40,43,50,49,52,35,41,34,56,44,53,42,55,33,58,57,37,51,54
34,50,36,53,38,52,45,51,54,42,58,56,43,49,57,47,35,41,48,55,39,37,46,44,40
41,42,40,35,56,58,51,43,38,39,52,55,46,53,49,50,54,36,48,37,45,57,44,47
47,52,56,43,50,38,55,42,48,54,58,57,45,41,46,51,40,39,53,49,37,36,44
49,37,56,50,41,48,44,42,54,45,55,53,57,47,46,38,39,43,58,40,51,52
49,50,43,44,41,55,52,38,45,46,56,48,51,53,54,42,39,57,40,47,58
39,53,47,43,50,46,58,54,41,52,51,44,42,57,56,48,40,45,49,55
45,50,58,56,42,44,53,51,48,49,54,52,55,47,40,41,46,43,57
43,50,42,44,57,51,54,58,48,46,41,56,47,53,49,52,55,45
48,42,53,51,43,52,47,45,58,49,46,57,54,50,44,56,55
53,57,43,54,56,55,49,47,46,52,44,45,50,58,51,48
52,44,50,58,56,54,57,49,45,53,46,48,51,47,55
55,46,50,48,51,45,56,54,49,47,52,58,57,53
48,50,57,52,55,58,51,47,46,53,54,56,49
49,55,54,56,58,52,53,48,57,50,51,47
58,51,52,55,49,54,53,56,50,57,48
58,52,51,57,49,54,50,56,53,55
54,56,57,52,58,51,53,50,55
58,53,51,52,57,56,55,54
58,52,56,54,57,55,53
53,56,54,57,55,58
58,54,56,55,57
57,56,58,55
56,57,58
58,57
58

54
Garforth,53.78,-1.38
Beeston,52.92,-1.22
Litcham,52.72,0.80
Whitby,54.49,-0.63
Colinsburgh,56.22,-2.83
Tynemouth,55.02,-1.45
Darrington,53.67,-1.25
Faygate,51.08,-0.25
Cullompton,50.87,-3.40
West Derby,53.45,-2.93
Pumpherston,55.92,-3.48
Thorp Arch,53.92,-1.33
Crackleybank,52.70,-2.35
Cornelly,51.51,-3.70
Godney,51.18,-2.74
Stoke Newington,51.57,-0.08
Wendover,51.77,-0.73
Gwenddwr,52.07,-3.37
Littlebourne,51.27,1.17
Drumahoe,54.97,-7.27
Alston,54.80,-2.43
Kilroot,54.72,-5.77
Saint Athan,51.40,-3.41
Mangersta,58.17,-7.08
Mobberley,53.32,-2.32
Elmesthorpe,52.55,-1.30
Beeley,53.20,-1.60
Earlsferry,56.18,-2.83
Aberfeldy,56.62,-3.85
Little Dean,51.82,-2.47
Tighnabruaich,55.90,-5.22
Stedham,50.98,-0.77
Wingerworth,53.20,-1.43
Panfield,51.88,0.52
Clydach,51.68,-3.90
Otterford,50.93,-3.10
Kirkwhelpington,55.15,-2.00
Gardenstown,57.67,-2.33
Amhuinnsuidhe,57.97,-6.97
Haslemere,51.08,-0.70
Lydd,50.95,0.92
Yatton Keynell,51.49,-2.19
Frosterley,54.73,-1.93
Gawsworth,53.22,-2.17
Moddershall,52.93,-2.12
Lower Swell,51.92,-1.75
Chilcomb,51.05,-1.27
Great Easton,52.52,-0.75
Bromyard,52.18,-2.50
Woodford Green,51.61,0.03
Oldham,53.55,-2.12
Wrea Green,53.77,-2.92
Cornhill,57.60,-2.70
Merthyr Cynog,52.02,-3.48
7,30,3,24,53,16,8,14,46,19,4,17,34,40,21,18,32,9,23,51,54,6,50,45,27,43,15,52,38,25,39,44,41,29,48,2,12,37,31,5,26,47,20,33,10,42,35,11,49,13,36,28,22
22,35,16,14,36,42,39,7,6,43,51,26,32,11,33,48,5,9,17,12,54,20,53,19,49,38,27,45,41,10,13,15,3,29,34,37,46,25,44,40,30,23,47,18,28,31,50,4,24,8,21,52
50,51,25,24,48,22,15,31,27,11,19,6,35,47,4,28,7,46,49,23,21,29,16,53,38,10,44,37,40,12,13,36,18,39,8,45,54,32,52,34,30,14,26,17,5,43,33,41,42,20,9
7,16,49,51,37,13,33,20,42,19,27,53,52,32,17,54,41,28,23,21,29,35,43,5,39,6,24,12,25,22,8,47,40,34,48,50,26,44,46,14,36,31,9,10,45,30,38,15,11,18
24,30,23,52,9,42,33,39,22,12,40,37,21,35,28,13,10,45,26,53,43,38,25,47,32,20,18,50,44,31,15,41,27,29,11,16,34,51,49,6,48,17,8,7,46,36,19,14,54
13,19,25,34,17,51,52,40,27,23,28,54,48,22,14,35,29,32,26,11,50,47,16,45,49,53,18,41,8,15,46,7,38,42,33,10,30,44,9,24,36,43,37,12,31,21,39,20
53,21,52,49,12,48,51,34,11,28,47,24,14,15,43,27,23,37,29,36,31,17,46,32,54,9,20,25,8,44,40,19,26,45,13,10,41,35,42,33,18,39,50,30,22,16,38
24,11,38,48,43,49,30,20,34,18,47,26,44,19,9,32,21,50,37,23,15,28,27,33,45,35,14,51,10,52,16,31,13,29,12,42,41,39,25,53,36,46,22,54,17,40
11,14,19,27,16,28,23,42,29,10,25,53,12,47,24,35,34,30,22,46,21,33,38,43,36,20,32,39,40,17,37,50,26,51,41,49,48,15,45,44,31,54,52,13,18
46,52,27,19,11,33,15,13,16,18,39,43,40,28,42,24,14,37,45,51,12,31,22,20,47,38,34,23,36,26,32,41,54,21,25,35,53,29,49,17,44,30,48,50
21,54,45,23,53,13,33,49,42,50,41,30,51,14,38,16,44,40,35,36,32,26,22,29,46,18,19,24,31,43,27,48,28,20,25,34,52,17,15,37,47,12,39
30,39,14,40,25,21,17,45,26,29,48,22,41,31,54,32,38,18,20,50,51,23,27,44,33,37,16,34,43,42,28,47,46,15,52,19,24,13,53,36,35,49
32,42,51,50,30,19,15,52,33,53,18,22,29,45,31,25,35,39,38,20,44,36,17,54,23,14,40,46,26,27,28,16,37,49,47,43,21,24,48,41,34
20,46,19,18,47,22,15,39,34,37,43,35,16,40,45,32,29,17,53,30,54,26,48,41,49,42,21,25,51,36,27,52,33,38,31,50,23,28,44,24
23,54,26,19,37,46,29,41,21,25,38,34,47,42,22,28,27,49,20,33,44,24,51,16,30,17,45,50,31,53,35,39,36,52,32,40,43,18,48
54,33,20,18,51,27,21,53,42,31,34,47,25,28,50,36,38,17,49,41,22,29,52,26,32,35,24,48,45,43,39,37,44,46,40,19,30,23
30,42,19,21,26,38,40,46,29,28,32,25,51,41,31,50,34,24,33,43,49,48,18,27,45,35,36,44,54,52,39,23,22,37,53,20,47
53,35,50,42,20,47,40,38,21,54,26,43,52,19,45,32,28,51,24,25,39,49,44,37,27,48,31,34,22,41,33,46,23,30,29,36
26,54,50,41,31,20,38,46,37,44,45,48,25,52,49,24,28,42,29,53,34,43,35,33,27,30,21,32,23,36,22,47,39,40,51
53,51,54,35,41,31,46,32,48,22,21,44,30,33,38,26,24,34,23,49,29,52,40,45,42,43,39,37,28,25,27,50,47,36
29,24,44,34,26,51,41,52,33,40,23,49,37,50,43,25,42,36,53,54,35,28,22,38,30,32,39,48,27,47,31,46,45
33,50,24,36,44,54,37,41,51,26,35,53,25,23,30,47,52,27,32,45,38,40,46,28,39,42,43,48,49,29,34,31
25,30,49,29,40,26,44,32,54,28,39,46,38,47,53,34,42,33,48,50,52,43,45,27,31,37,35,51,36,41,24
53,46,42,29,37,40,54,49,32,36,26,39,41,25,31,27,44,30,28,38,33,35,47,45,50,48,51,43,34,52
38,46,34,43,48,41,26,36,51,39,45,53,31,50,44,47,42,33,52,37,40,49,27,28,35,30,29,54,32
35,46,48,54,38,42,45,36,43,29,37,39,50,53,28,33,49,32,40,47,51,30,44,52,31,34,27,41
28,30,43,32,33,51,54,41,45,38,52,34,47,29,48,44,39,36,40,46,37,53,50,31,49,42,35
39,49,51,50,33,45,38,53,44,32,34,37,35,40,54,42,52,31,36,30,41,48,43,46,29,47
40,48,44,54,50,35,46,32,42,34,45,33,43,53,30,51,47,31,41,52,39,38,36,49,37
49,52,42,53,41,44,36,39,40,33,31,47,38,54,51,37,35,34,46,45,32,43,48,50
49,33,48,53,41,43,54,34,50,45,35,37,36,38,39,42,40,51,44,46,32,47,52
52,43,37,45,39,51,44,50,53,46,33,47,35,40,34,42,38,54,41,49,36,48
34,39,46,53,48,49,52,45,40,38,37,41,36,42,35,51,43,44,47,54,50
50,40,48,54,51,52,38,41,43,36,35,47,39,46,44,42,37,45,49,53
37,39,51,53,36,48,47,41,49,50,42,54,43,45,44,52,38,46,40
42,52,37,48,47,43,53,50,54,45,39,40,44,41,38,46,51,49
46,39,43,54,51,52,45,38,41,49,47,40,48,44,42,53,50
44,51,54,40,48,45,52,49,42,39,47,50,53,43,46,41
50,40,41,44,54,49,42,45,48,43,51,53,47,52,46
44,46,49,45,50,53,51,42,54,43,52,48,47,41
42,54,47,48,45,46,44,53,49,50,52,51,43
44,48,47,51,53,45,49,54,46,50,43,52
45,53,52,54,47,44,48,46,50,49,51
50,48,49,52,45,53,46,47,54,51
47,50,53,46,51,54,48,52,49
49,52,54,48,53,51,50,47
51,50,53,48,49,52,54
51,54,53,52,49,50
53,52,50,51,54
52,54,51,53
53,52,54
54,53
54

