49
Wytham,51.77,-1.30
Little Compton,51.97,-1.62
Kircubbin,54.48,-5.53
Loudwater,51.60,-0.70
Heytesbury,51.18,-2.11
Gasthorpe,52.38,0.90
South Somercotes,53.47,0.13
Chacewater,50.25,-5.17
Bexhill,50.85,0.48
Belle Isle,53.77,-1.53
Rudgwick,51.10,-0.43
Cargill,56.50,-3.37
Aldershot,51.25,-0.77
Eversholt,51.98,-0.55
Orgreave,53.38,-1.37
Irvinestown,54.47,-7.63
Hartwell,52.13,-0.85
Shareshill,52.67,-2.08
Merstham,51.25,-0.15
Kettlestone,52.85,0.92
Market Weighton,53.87,-0.67
Glendaruel,56.00,-5.20
Collessie,56.30,-3.15
Wadebridge,50.52,-4.83
Barthomley,53.07,-2.35
Saint Harmon,52.33,-3.48
Normanton,52.87,-1.07
Tollerton,52.92,-1.08
Loanhead,55.87,-3.15
Caverswall,52.98,-2.07
Westleton,52.27,1.58
Bednall,52.77,-2.07
Rusper,51.10,-0.27
Elmstone,51.28,1.25
Leek,53.10,-2.02
North Dalton,53.95,-0.57
Ballantrae,55.12,-5.00
Wimblington,52.50,0.08
South Crossland,53.60,-1.82
Derwen,53.03,-3.40
Eltham,51.45,0.05
Leeming Bar,54.30,-1.55
Lochend,57.40,-4.37
Bredwardine,52.10,-2.98
Rhewl,53.13,-3.33
Dorking,51.22,-0.33
Llangower,52.87,-3.63
Llanfairfechan,53.25,-3.98
Glemsford,52.10,0.67
48,22,10,41,34,45,4,23,25,26,11,9,40,7,21,35,38,42,47,33,46,44,2,5,14,37,30,29,3,49
21,35,44,31,34,33,43,30,19,8,41,37,15,9,6,48,36,47,46,42,29,5,4,28,40,14
18,38,16,41,43,8,40,24,28,47,22,25,49,48,44,15,9,34,32,21,29,6,37,46,12,10,4,5,26,30,45
7,17,33,22,23,41,8,10,14,13,24,18,40,39,47,25,11,49,43,32,44,16,38,19,26,36
42,36,23,43,6,30,35,9,11,38,7,34,31,13,29,48,28,20,25,22,17,32,41
34,23,28,14,36,37,22,25,9,12,45,15,46,49,39,8,30,35,11,32,42,43,40,44,10,18
22,46,48,32,13,27,19,25,18,40,8,35,31,47,14,10,36,20,44,33,12,34,17,37
20,41,13,29,34,33,46,40,47,9,42,37,19,38,27,12,18,17,25,48,14,10,30,45,16
43,21,10,32,35,47,40,24,49,20,19,25,26,34,36,12,41,13,27,28,14,22,16
24,34,12,28,44,42,19,23,15,48,22,46,17,37,14,11,45,47,32,27,21
46,43,35,20,41,45,40,15,47,30,33,22,16,24,49,26,37,17,48,39,42,29,19
21,20,49,47,48,40,22,23,14,13,18,42,34,29,26,36,16,19,32,45,33,39
23,28,19,40,47,25,43,34,36,16,45,49,38,46,39,35,48,22,21,32,42
28,39,46,24,19,38,17,49,37,34,35,31,29,27,20,18,47,33,30,36,21,40
40,16,43,19,47,48,28,39,25,36,26,29,45,44,38,23,17,24,27,20
39,43,32,23,44,45,25,30,18,17,29,41,47,33,26,27,20,46,35
36,49,48,23,39,43,46,26,33,22,24,35,29
49,28,20,22,47,44,42,32,30,39,40,26,23,24,21,45
43,33,25,37,46,26,41,48,42,31,38,20,22,36,35,47,44,34,49,21,40,23,29
29,25,37,22,41,43,38,27,49,44,34,30,35,46,24,33,42,28,32
28,34,46,35,27,24,37,26,29,45,32,49,42,38,40,31,47,25
27,23,45,44,47,34,42,26,49,33,30,46,39,32,28,35,38,31
28,27,33,35,34,47,49,26,24,46,42,37,29,41,40,44
29,41,48,30,25,34,37,39,31,26,35,43,27,46,47
43,41,28,44,38,42,26,39,48,36,45,49,32,33,35
39,37,31,33,30,36,42,34,38
43,48,44,46,29,47,40,32,35,42,34,33,39,30,49,45
37,48,36,43,29,42,39,32,35,30,49,44,47,34,33
40,43,35,39,44,37,42,32,46
40,45,32,47,33,34,46,36,38,41
38,41,32,40,44,39,34,33,36,42,48,35,43,47
44,43,48,33,36,39,42,38,34,45,46
45,48,44,41,47,40,49,34,46
39,48,36,43,40,46,37,44,47
37,48,46,43,49,45,44,40,41
43,41,47,48,37,45,46,40
40,44,42,49,39,45
49,46,44,45,41,39,42,47,48
47,48,49,44,42,40,41,43,45
42,49,48,43,45
46,47,48,42,43,44
48,47,43,49,45,46
44,46
49,45,47,48
49,47
49
48
24

40
Rickmansworth,51.63,-0.47
Ystradowen,51.49,-3.42
Bartley,50.92,-1.55
Denver,52.58,0.38
Oldbury,51.59,-2.27
Nant-y-moel,51.63,-3.54
Dean,54.60,-3.43
Sprucefield,54.48,-6.05
Gailey,52.70,-2.13
Red Dial,54.80,-3.15
Chedgrave,52.53,1.50
Redberth,51.70,-4.78
Coxwell,51.63,-1.60
Stradsett,52.62,0.45
Risca,51.61,-3.10
Eynsford,51.35,0.22
Doynton,51.46,-2.40
Billingsley,52.47,-2.43
Rayleigh,51.58,0.62
Erlestoke,51.28,-2.05
Wickhampton,52.58,1.58
Hinckley,52.53,-1.37
Horringford,50.67,-1.23
Shareshill,52.67,-2.08
Heythrop,51.93,-1.48
Bebside,55.12,-1.55
South Kilvington,54.25,-1.35
Steeple Ashton,51.31,-2.14
Hirwaun,51.74,-3.51
Birthorpe,52.87,-0.35
North Somercotes,53.43,0.15
Lusby,53.18,0.00
Manningtree,51.95,1.07
Wrinehill,53.02,-2.37
Burlescombe,50.95,-3.32
Wrea Green,53.77,-2.92
Overtown,55.75,-3.92
Airmyn,53.72,-0.90
Sedgebrook,52.92,-0.72
Swavesey,52.30,0.00
17,11,26,27,16,37,6,39,40,22,33,34,14,10,36,4,23,38,24,32,18,20,3,7,31,2
16,22,20,36,6,18,23,39,26,4,34,15,12,24,17,8,32,10,27,33,25
6,26,19,23,38,28,20,8,17,24,4,29,27,13,5,21,25,30,9,31
18,27,15,21,16,5,10,33,23,9,24,20,22,11,31,39,12,13,36,29,32
37,40,22,33,11,17,38,28,25,19,16,36,23,7,24,29,21,26,14,35,18,9
31,18,15,32,16,34,23,14,7,36,30,20,29,13,24,22,40,21,26,35,27
26,8,15,14,38,10,29,13,40,33,9,34,35,31,25,30,27,20,39
18,16,27,32,36,22,34,9,17,25,40,12,21,33,23,35,30,11,15,29,39,31,24
24,10,23,39,15,17,32,36,28,26,38,19,35,27,29,37,40,33,30,34
33,19,24,12,37,34,21,28,17,39,26,11,36,27,15,31,25,40
15,39,33,38,21,37,32,22,36,28,24,12,13,16,19,29
40,23,30,21,19,32,25,17,18,39,31,34,24,29,15,38,16,35
15,29,22,23,28,40,37,25,18,38,35,21,32,33
26,32,21,22,25,29,16,35,15,38,31,33,20,40,39,36,24,34
29,17,23,40,35,21,30,34,26,28,33,24,27,20,18
32,30,22,40,29,38,39,34,37,23,17,24
26,18,36,22,20,39,27,23,38,31,29,28,24,30
28,19,20,31,30,37,24,21,27,35,26
38,32,24,35,39,26,20,30,40,37,27,36,23
27,32,25,24,35,40,34,39,30,22,29
31,35,28,26,30,27,33,23,25,22,34,36,32
27,25,32,37,33,28,36,34,23,38,26
32,33,35,26,25,39,36
29,30,39,25,38,35,31,26,33,40,28
35,31,36,34,29,40,30,33,26,38
29,40,28,38,33,27,32,30,36
36,32,38,31,34,40,29,28,37,35,30
38,34,31,36,30
37,35,38,30,31,39
37,39,34,35
33,36,39,40,35,34,38
40,37,39,38,34,35
35,34,38
39,40,37,35,36
39,38,36,37
37
38
39
38

45
Kilmany,56.37,-3.00
Hackthorn,53.32,-0.52
Brattleby,53.32,-0.57
Canon Frome,52.08,-2.52
Deddington,51.98,-1.32
Nacton,52.02,1.23
Wiston,55.57,-3.63
Llanddeusant,51.90,-3.78
Chipping,53.88,-2.58
Sutton On Hull,53.78,-0.32
Walkern,51.92,-0.13
Silsoe,52.00,-0.42
Llangeitho,52.22,-4.03
Hockliffe,51.92,-0.58
Fordingbridge,50.93,-1.80
Rivington,53.62,-2.57
Rackenford,50.95,-3.63
Warden,54.98,-2.13
Penywaun,51.73,-3.48
Huish,51.37,-1.78
Bitteswell,52.45,-1.20
Whitbourne,52.22,-2.40
Teignmouth,50.55,-3.47
Lincoln,53.23,-0.53
Wilhamstead,52.07,-0.43
Shirburn,51.65,-0.98
Bernera,57.20,-5.60
Clackmannan,56.10,-3.75
Curbar,53.27,-1.63
Shocklach,53.03,-2.83
East Horndon,51.57,0.35
Rosyth,56.03,-3.43
Brafferton,54.12,-1.35
Sherfield,51.30,-1.02
Eastrington,53.75,-0.78
Cilrhedyn,51.98,-4.51
Lympne,51.07,1.03
Roose,54.12,-3.20
Grandborough,52.28,-1.28
Gwernogle,51.98,-4.14
Rimswell,53.73,-0.02
Saltaire,53.83,-1.78
Buckie,57.67,-2.97
Lyddington,52.55,-0.70
Pangbourne,51.48,-1.08
16,12,33,27,23,8,45,30,4,42,20,21,22,7,41,39,6,34,29,10,25,9,19,13,26
43,24,37,4,9,42,31,8,36,26,44,23,20,5,17,15,35,18,30,22,14,11,28,12,33,34,39,10,32,7,25
37,17,21,33,6,30,18,36,32,9,7,12,38,5,31,34,23,24,26,29,45,8,44,22,35,16
15,38,30,21,29,43,20,9,41,11,17,5,42,35,24,12,32,13,34,26,25,16,31,37,8,45
32,7,10,42,30,19,24,6,11,33,23,40,36,41,25,45,43,15,17,31,13,12,28,9,39,8,22
27,15,39,29,30,10,36,44,37,45,16,38,26,28,18,17,11,33,21,12,41,34,31
30,19,37,41,43,44,36,8,38,40,18,17,10,42,20,33,14,32,26,39,45,31,13,21,16
9,31,36,44,35,22,19,17,39,43,20,21,15,24,14,42,25,23,26,16,12
10,41,19,24,23,32,33,29,20,25,21,38,35,12,27,30,39,22,26
19,34,12,38,36,39,32,43,26,13,31,41,16,33,29,23,17,24,40,18,35,14,45,27,15
31,23,27,24,12,37,35,45,18,32,43,26,17,28,36,42,29,22,19
24,37,16,43,31,35,34,30,25,28,33,18,17,41,39,27,14,44,23,40
35,26,17,42,28,34,20,19,16,31,36,33,40,44,25,45,38
38,29,23,42,16,30,21,28,41,19,25,36,18,40,17,33
28,27,16,42,31,40,30,23,36,41,25,37,17,24,29,38,21,19,34
32,23,17,41,39,31,22,26,38,18,36,40,19,45,29,33,25,21
27,38,34,33,22,20,24,32,35,25,23,31,18,26,41
44,36,31,28,43,20,38,22,35,45,40,25,23,19
28,45,30,26,41,32,22,44,29,35,31,40,25,36,21,24
43,33,26,22,45,37,39,35,31,25,21,41,34,23,36,42,32,38
38,35,44,40,26,22,37,30,24,32,39,34,23,29
32,44,27,35,42,41,37,26,39,33,43,38
44,35,34,43,42,25,40,28,33,41,32,26
39,41,40,29,32,25,28,45,34,30,38,43,44
29,45,35,30,31,27,28,39,38,26,41
36,42,39,33,28,37,27,43,29,38,31,34,44,40,41,35
42,35,28,39,29,32,43,33
45,42,31,29,32,35,43
39,34,31,44,35,43,42,38,37,36,33
43,38,44,42,36,32,41,40,33
42,45,34,44,35,39
34,39,43,41,40,35,36,33,44
37,42,44,45,34,36
42,36,37,44,41,38,40,39,45,43,35
41,37,44,36
45,37,39,44,41
45,42,38,44,40
39,43,41,40,45
43,44,40,41,45
43
43,45
5
45
45

47
Poughill,50.87,-3.62
Meigle,56.58,-3.15
Oldhamstocks,55.92,-2.42
Wolviston,54.62,-1.28
Garway,51.90,-2.80
Catthorpe,52.38,-1.18
Radstone,52.05,-1.13
Ashmansworth,51.30,-1.40
Bretton,53.62,-1.57
Farnley,53.78,-1.60
Brockagh,54.55,-6.60
Madderty,56.37,-3.70
Newlyn,50.10,-5.55
Tain,57.80,-4.07
Slapton,52.10,-1.07
Auchtertool,56.10,-3.25
Soberton,50.93,-1.13
Butterton,53.10,-1.88
Selborne,51.08,-0.93
Hambleden,51.57,-0.87
Kingswood,51.45,-2.51
Newbold Verdon,52.62,-1.33
Ilston,51.59,-4.09
Dunmow,51.88,0.37
Lyme Regis,50.73,-2.93
Beulah,52.15,-3.57
Ireleth,54.18,-3.18
Boxworth,52.25,-0.02
West Peckham,51.23,0.35
Uplyme,50.73,-2.97
South Petherton,50.95,-2.80
Puddle Dock,51.55,0.30
Everingham,53.87,-0.78
Kelly,50.60,-4.27
Abergele,53.28,-3.58
Southminster,51.65,0.83
Felin Fach,51.98,-3.32
Gilford,54.37,-6.33
Erdington,52.53,-1.82
Herringswell,52.30,0.52
Cranswick,53.95,-0.43
Theddingworth,52.45,-1.02
Clun,52.42,-3.03
Unstone,53.28,-1.43
Scardroy,57.52,-4.98
Kirkwhelpington,55.15,-2.00
Bonby,53.62,-0.48
10,27,34,31,30,23,46,20,7,11,29,28,22,4,40,17,16,25,3,36,13,32,18,24,5,39,44
18,36,37,29,17,4,7,46,9,24,30,39,35,26,6,34,42,8,14,47,23,41,11,5,31
24,30,33,34,4,27,11,39,16,19,28,18,12,8,46,5,13,14,21,26,22,41,43,32,15,9
36,27,26,13,33,31,16,5,24,39,12,29,19,15,6,30,38,7,45,14,22,28,10,34,23,37,17,42,18
38,8,20,7,19,16,10,6,24,13,28,14,40,12,41,15,44,43,21,31,47
33,32,29,36,18,14,13,11,8,43,21,24,34,31,10,27,25,19,40,39,12,45,44,20,35,42,28,9,16
13,36,40,37,32,42,44,22,26,21,29,11,14,12,47,34,41,10,16,38,27,20,19,45
28,34,11,19,42,24,13,46,44,35,30,43,22,37,21,38,40,47,16,36,15,26,39,17,20,32
35,24,37,23,12,31,33,38,34,44,30,42,10,39,29,47,40,17,32,11,28,16,25,18,27,45
46,36,22,14,38,17,39,37,32,27,29,13,16,47,21,30,40,26,20
14,30,18,33,36,28,21,13,42,43,23,27,31,24,16,19,34,37,12,20,46
13,45,44,14,24,35,20,30,16,22,27,47,25,43,23,37,40,39,21
31,26,23,46,25,15,18,24,28,37,30,32,38,36,20,40
18,15,23,32,37,27,35,31,17,39,36,44,41,42,21
24,47,30,22,36,16,34,21,18,32,46,42,45,40,25,28
22,38,44,41,32,21,35,40,30,29,31,39,42,46,23,37,36,18,45,28
36,46,31,18,30,23,20,41,25,38,28,27,40,45,39,24,19,32,29
26,41,39,37,25,43,19,27,32,33,47,29,36,22,30,24,35,38,44,42,21,20,23
22,33,25,26,23,39,29,45,20,44,30,27,41,34,40,21
35,39,23,44,37,41,33,34,30,27,40,26,22,47,32
42,30,25,40,47,24,34,46,31,38,43,37,35,22,28,36
38,34,30,31,43,46,35,28,33,36,23,26,24,44,32
41,42,29,26,45,44,40,34,32,25,36,31,47,24,38,43,28
39,45,44,29,34,38,41,26,31,36,35,37,40,46,28
26,47,27,44,39,37,45,34,41,31,36,35,46
46,31,27,42,30,32,47,28,36
42,37,36,43,33,39,35,45,41,30,34,44,32,47,31,29
38,41,31,43,44,36,47,42,33,45,40
41,42,30,47,37,43,40,36,44,46,33,35,31
47,45,41,31,43,33,35,36,38,46
34,47,45,35,32,38,43,40,37,46
42,39,41,47,35,37
40,38,47,36,43,34,46,37,39,41
42,46,38,44,45,40,41,36,35
47,40,38,42,44,46,41
40,38,42,47,46,37,39,45
46,41
46,45,44,41,42,47,40,39,43
47,46,43,41,40
45,41,47
47,45,43,42
45,46,44
46,45,47
45
46
10

44
Selston,53.07,-1.32
Dorridge,52.37,-1.75
Llangefni,53.27,-4.33
Deal,51.22,1.40
Abbotsley,52.18,-0.20
Walsoken,52.67,0.18
Cumwhitton,54.85,-2.77
Boxley,51.28,0.55
Bramshaw,50.93,-1.62
Kingston Near Lewes,50.85,-0.02
Little Walsingham,52.88,0.88
Cold Ash,51.42,-1.25
Jonesborough,54.10,-6.37
Cranwich,52.52,0.63
Elsted,50.97,-0.83
Ludchurch,51.76,-4.70
Bilston,52.57,-2.07
Bursledon,50.87,-1.30
Wonastow,51.78,-2.73
Chipping Campden,52.03,-1.78
Heapey,53.67,-2.62
Woodmancote,50.90,-0.25
Eredine,56.23,-5.28
Rockbourne,50.95,-1.83
Walton On The Hill,53.45,-2.95
Kirkoswald,55.32,-4.77
Hartington,53.13,-1.82
Gosport,50.80,-1.13
West Wellow,50.97,-1.58
Edderton,57.83,-4.17
Bentworth,51.15,-1.05
Hardenhuish,51.47,-2.13
Worlingham,52.45,1.58
Wheatley,51.73,-1.13
Didmarton,51.58,-2.26
Wilsford,51.30,-1.85
Farmington,51.83,-1.80
Oundle,52.48,-0.47
Cawdor,57.52,-3.93
Poltimore,50.77,-3.47
Northwold,52.55,0.60
Back,58.27,-6.32
Marston,51.77,-1.23
Wordesley,52.47,-2.17
8,18,26,33,27,25,38,31,35,20,34,16,19,32,23,17,41,14,21,7,43,36,42,44,2,24,5,13
30,20,3,14,6,28,36,39,13,5,26,16,37,23,4,25,43,10
12,11,17,39,21,14,4,43,37,20,18,35,25,19,41,8,29,33,9,40,32,34
22,33,42,19,21,29,5,37,28,14,40,34,43,12,15,41,9,20,27,25,11,6,24,38,32,44
32,16,30,37,21,29,19,31,34,17,26,14,11,8,9,44,6,18,38,22,33,7
19,11,41,13,28,17,18,21,36,32,33,39,23,44,29,9,35,25,43,30,42,10
43,19,26,32,44,17,34,10,13,27,37,20,8,18,30,42,22,41,16,25
13,23,41,35,18,10,9,11,31,40,20,21,34,24,17,42,43,32,30,28,14
37,39,24,25,34,40,13,23,21,15,43,12,33,16,36,30,38,41,42,19
11,13,22,25,32,44,24,42,15,26,36,16,14,35,43,28,33,12,34,29,30,20,18,23
41,32,44,31,29,24,12,13,17,20,18,26,21,35,38,15,40,14,19,27,37,28
39,31,30,38,17,14,42,20,29,22,36,15,28,25,43,18,27,34,24,26,41,37,32
39,17,18,15,41,30,20,29,34,26,28,24,37,19,44,42,38,14,31,33,22,21
16,26,41,22,40,20,17,29,30,38,34,19,36,33,37,43,21,31
29,28,17,43,40,32,31,42,21,37,16,25,38
38,41,25,40,19,23,29,37,43,44,18,20,39,21,34,28,17,22
27,33,22,23,36,30,29,44,34,35,39,43,38,32,42
25,42,38,21,43,22,32,37,31,30,41,19,27,20
27,29,31,28,24,25,35,43,40,23,44,38,32,36,42,33,22
28,22,29,35,44,27,41,26,32,23,30,43,42
43,33,39,37,35,42,22,36,44,31,23,40,29
33,38,30,35,27,24,42,41,36,44,32,40,43,28
34,40,39,29,42,32,44,35,33,26,25,43
37,43,31,44,34,27,30,42,36,39,40,28,29,41,26
32,43,39,29,31,35,38,40,42,30
28,44,38,29,30,33,34,41,42,37,43,36,39,35
39,38,35,33,40,42,30,29,41,43,44,36
35,42,37,34,43,36,40,31,30
38,30,40,32,41,44,42,39,33
44,32,43,39,38,42
43,33,32,35,39,42,36
34,42,36,39,37,41,38,40,43
37,40,38,41,36,42,39,44
36,38,40,39,41
44,42,37,36,41
43,42,38
43,42,40,39,38
39,43,42,40
42,44
43,44,41
43
44,43
44

