23
Bramford,52.07,1.10
Ystradfellte,51.80,-3.55
Marton-in-cleveland,54.53,-1.18
Ufford,52.62,-0.38
Haddiscoe,52.52,1.58
Medstead,51.12,-1.07
Troedyrhiw,51.71,-3.34
Thornborough,51.98,-0.92
Whisby,53.20,-0.65
Beanley,55.45,-1.87
Ashby De La Zouch,52.75,-1.47
Hersham,51.37,-0.40
Shevington,53.57,-2.68
London,51.51,-0.09
Cornsay,54.78,-1.77
Marykirk,56.77,-2.52
Herbrandston,51.73,-5.09
Auchleven,57.30,-2.62
Donaghcloney,54.42,-6.27
Tansor,52.50,-0.42
Kirton,53.47,-0.60
Crawfordjohn,55.48,-3.77
Edinburgh,55.95,-3.20
7,16,14,22,6,21,18,15,9,20,17,2,12,4,8,3,13,5,11,19,10,23
10,14,17,7,9,21,23,22,5,6,8,13,20,18,4,19,11,3,15,16,12
13,9,18,22,5,19,23,8,11,17,6,16,15,4,14,10,20,12,7,21
10,19,12,22,17,20,11,5,9,23,18,21,16,14,13,8,7,6,15
8,10,16,17,19,18,7,20,9,12,22,14,21,11,23,15,6,13
10,8,9,23,19,21,15,20,17,16,11,7,12,22,14,18,13
19,20,9,18,17,11,23,13,21,14,22,8,10,12,15,16
17,23,15,12,21,16,14,10,11,18,22,20,13,19,9
17,23,10,22,13,18,19,12,15,21,20,16,14,11
21,18,23,16,22,19,20,13,15,17,14,12,11
22,15,18,13,12,21,14,19,16,20,23,17
14,23,22,18,17,19,20,21,13,16,15
23,16,20,22,17,14,18,15,21,19
21,23,22,20,19,17,18,15,16
17,19,21,18,16,23,22,20
20,23,17,19,21,22,18
18,22,19,20,21,23
19,20,23,22,21
23,21,20,22
21,23,22
22,23
23

27
Upper Stratton,51.58,-1.77
Pelynt,50.37,-4.53
Cheddar,51.28,-2.78
Newburgh,56.33,-3.25
Horsford,52.68,1.25
Belleville,57.10,-4.00
Keston,51.35,0.03
Ashow,52.32,-1.53
Leinthall Starkes,52.32,-2.82
Madingley,52.22,0.05
East Worldham,51.13,-0.92
Cwmafan,51.60,-3.75
Gilmarton,52.47,-1.15
Great Sutton,53.27,-2.93
Esholt,53.85,-1.72
Hale,54.20,-2.75
Roborough,50.93,-4.03
Snailwell,52.28,0.42
Thornham Magna,52.30,1.08
Blakesley,52.13,-1.08
Whitcombe,50.68,-2.40
Bilbrough,53.92,-1.18
Bishop Caundle,50.92,-2.42
Ballinluig,56.63,-3.65
Gelli,51.84,-4.78
Buxhall,52.17,0.93
Ravensworth,54.93,-1.60
12,21,10,14,16,9,26,23,18,17,8,7,19,11,27,5,20,6,25,24,3,15,2,22,4,13
5,24,14,8,25,21,10,26,3,18,16,17,19,9,22,4,23,15,20,6,7,11,27,13,12
23,7,4,14,19,24,6,20,8,21,18,5,10,13,25,11,22,27,15,16,9,12,26,17
24,22,9,13,16,14,6,18,15,25,8,27,21,26,17,7,11,19,10,20,23,5,12
11,23,20,7,21,16,9,26,27,18,22,25,12,8,17,6,10,24,19,14,13,15
7,10,27,20,21,15,16,18,13,9,26,17,19,22,25,24,12,8,14,23,11
10,21,20,8,24,25,27,16,19,9,14,23,22,18,13,12,17,11,15,26
19,18,16,12,15,25,24,13,21,10,20,9,14,17,11,23,22,27,26
24,25,13,23,16,20,26,15,11,19,17,27,10,12,14,21,22,18
22,17,25,21,26,18,20,12,16,13,23,14,27,11,15,19,24
13,14,20,24,15,25,27,17,12,19,26,21,23,22,18,16
18,17,14,24,26,13,23,16,20,21,22,19,27,15,25
18,22,16,24,26,17,15,23,25,21,27,20,19,14
25,17,20,24,21,16,15,18,19,26,23,22,27
26,16,17,25,24,22,20,18,19,27,21,23
24,18,23,22,21,20,19,17,27,26,25
22,23,24,21,27,20,26,19,25,18
22,20,19,26,27,21,25,23,24
26,21,20,24,23,25,22,27
25,27,22,24,26,23,21
22,27,23,24,26,25
24,26,25,27,23
27,24,26,25
25,26,27
27,26
27

21
Woolstone,51.58,-1.57
Westerham,51.27,0.08
Heytesbury,51.18,-2.11
Heyshott,50.95,-0.72
Slingsby,54.15,-0.92
Souldrop,52.23,-0.55
Southam,52.25,-1.38
Saint Andrew,51.43,-3.24
Shearsby,52.50,-1.07
Toll Bar,52.38,-1.47
Greystoke,54.65,-2.87
Bieldside,57.10,-2.20
Tummel Bridge,56.70,-4.02
Appley Bridge,53.57,-2.72
Lambeth,51.49,-0.11
Great Bricett,52.12,0.98
Rushbrooke,52.22,0.77
Altrincham,53.38,-2.35
Passenham,52.03,-0.85
Llandrindod Wells,52.23,-3.38
Heversham,54.23,-2.77
13,20,15,19,12,11,8,18,9,10,21,7,6,2,14,5,4,17,3,16
18,19,9,3,15,16,11,7,12,13,10,5,14,6,4,17,20,21,8
10,8,18,12,11,20,16,7,9,17,13,21,5,19,14,6,15,4
9,13,11,5,14,20,18,21,6,19,16,10,17,15,7,12,8
9,10,20,18,19,8,21,13,17,15,7,16,6,14,11,12
9,13,7,19,12,11,17,8,14,20,21,16,10,18,15
8,10,11,14,18,12,19,17,9,13,15,20,21,16
16,20,11,14,21,15,18,17,13,9,19,12,10
14,11,16,12,13,18,19,15,10,17,20,21
14,18,19,16,11,15,12,13,17,21,20
15,18,21,19,20,14,17,13,16,12
16,14,21,13,19,15,20,17,18
18,20,17,16,19,15,14,21
19,15,18,21,16,17,20
19,18,17,16,21,20
17,19,18,21,20
18,21,20,19
20,19,21
21,20
21

29
Waterrow,51.02,-3.35
Kingcoed,51.75,-2.83
Rawcliffe,53.68,-0.95
Ridlington,52.60,-0.73
Grindon,53.08,-1.87
Sheet,51.00,-0.92
Tedstone Delamere,52.23,-2.45
Kirkoswald,55.32,-4.77
Northrepps,52.90,1.33
Laverstoke,51.23,-1.28
Ingatestone,51.67,0.38
Alvechurch,52.33,-1.95
East Retford,53.32,-0.93
Widdecombe,50.57,-3.80
Roxwell,51.75,0.38
Pitney,51.05,-2.79
Kilsyth,55.97,-4.05
Barnston,51.85,0.40
Stratton Saint Margaret,51.58,-1.75
Rangeworthy,51.57,-2.45
Montacute,50.95,-2.72
Churchill,51.33,-2.80
Carmel,51.83,-4.05
Ickornshaw,53.87,-2.05
Caistor,53.48,-0.32
Godalming,51.18,-0.60
Lidgate,52.18,0.52
Headwood,54.82,-5.92
Greenhill,51.36,1.11
5,6,26,25,23,17,15,13,8,18,9,2,4,14,3,21,27,20,12,29,19,10,24,28,22,11,16,7
24,22,8,17,26,19,14,27,4,29,21,15,7,6,9,16,10,28,5,11,13,12,3,20,23,25,18
18,7,17,20,16,26,9,10,6,22,27,15,21,4,24,8,5,19,29,23,25,11,28,13,12,14
6,18,11,21,17,13,24,28,26,20,16,15,23,7,9,10,8,14,22,29,19,27,5,25,12
19,27,6,22,9,25,24,28,14,7,12,11,8,20,21,13,16,29,18,26,15,17,10,23
26,14,12,10,28,27,17,19,20,25,8,23,22,9,16,13,15,21,24,11,7,18,29
14,17,25,26,16,18,29,22,27,15,8,19,10,21,28,12,23,20,13,11,9,24
14,18,20,19,26,28,21,10,11,23,17,24,13,29,12,16,27,22,9,15,25
16,15,13,11,14,20,12,29,26,24,25,27,22,21,19,17,10,23,18,28
17,13,21,22,25,18,29,16,12,15,28,19,11,20,27,24,26,14,23
19,15,22,20,28,16,27,13,29,21,26,24,14,17,25,23,12,18
25,22,24,13,29,17,21,27,18,19,23,20,14,28,26,15,16
22,20,15,29,27,18,25,17,23,19,28,16,14,26,24,21
27,15,19,23,21,22,20,28,16,26,29,17,18,25,24
27,28,21,29,22,18,17,25,23,26,19,24,16,20
25,20,23,27,17,26,18,22,19,21,29,28,24
24,23,21,29,20,26,25,28,22,19,27,18
28,23,26,29,25,20,27,21,19,24,22
25,27,20,24,23,22,21,28,26,29
25,24,23,29,28,22,21,26,27
26,28,24,23,29,25,27,22
27,23,25,26,29,24,28
27,26,29,28,24,25
27,28,29,25,26
29,26,28,27
28,27,29
28,29
29

27
Woodplumpton,53.80,-2.75
Great Habton,54.17,-0.83
Pen Y Clawdd,51.77,-2.80
Chilgrove,50.92,-0.82
South Thoresby,53.27,0.10
Waterhouses,53.03,-1.87
Billingborough,52.88,-0.33
Toome,54.75,-6.45
East Saltoun,55.90,-2.83
Lyonshall,52.20,-2.98
Ansty,52.43,-1.42
Waringfield,54.47,-6.23
Brabourne,51.13,1.00
Church Eaton,52.75,-2.23
Cynwyd,52.95,-3.42
Llangefni,53.27,-4.33
Whitleybridge,53.68,-1.15
Steeple Ashton,51.31,-2.14
Baughurst,51.33,-1.17
Saint Issey,50.50,-4.92
Yoxall,52.75,-1.78
Seaham,54.84,-1.34
Logie,56.65,-2.98
Scotforth,54.02,-2.78
Dudbridge,51.74,-2.24
Ballymoney,55.08,-6.52
Ceres,56.28,-2.97
6,20,22,8,4,25,12,17,11,16,18,26,23,5,10,14,15,19,13,9,7,24,27,21,2,3
7,21,8,23,18,20,25,22,24,6,3,12,10,4,5,27,16,19,14,26,15,9,17,11,13
9,26,16,11,20,12,22,19,14,6,23,15,18,17,8,4,5,10,25,24,27,21,7,13
26,12,11,17,24,9,25,23,22,5,7,20,19,27,21,16,10,8,14,15,6,13,18
6,8,16,21,17,23,18,10,26,13,27,7,19,12,15,25,9,20,11,24,14,22
20,15,11,24,10,16,8,18,27,19,23,12,9,7,26,22,17,13,25,21,14
18,26,9,24,15,27,25,21,10,12,17,19,8,11,22,20,16,14,13,23
19,26,22,14,27,21,11,13,23,20,12,24,16,18,10,17,25,9,15
19,17,21,11,15,12,25,22,20,14,16,27,13,23,10,18,24,26
16,22,19,11,18,25,20,26,23,15,27,17,13,24,14,12,21
23,12,26,27,24,13,15,19,25,14,21,16,22,20,17,18
19,13,27,24,21,18,16,15,22,20,26,25,23,14,17
15,17,14,24,23,27,19,18,26,20,22,16,25,21
18,19,22,26,17,21,20,27,24,16,15,23,25
23,22,18,17,20,25,26,19,27,24,21,16
17,25,22,27,18,21,26,24,19,23,20
18,21,22,24,27,20,19,23,26,25
22,27,26,24,19,25,23,20,21
25,23,22,21,27,24,20,26
27,22,21,26,24,25,23
22,24,26,27,25,23
26,27,23,24,25
25,26,27,24
26,27,25
26,27
27

